 100    1 25.87270 228.66744 1232.14471 4954.01195 16407.28980 46969.98159
 110    1 20.51923 155.33280 742.70029 2705.64851 8214.52180 21867.73162
 120    1 16.84207 111.73764 482.53652 1616.19603 4565.43537 11402.05159
 130    1 14.20202 84.07824 332.53326 1035.83269 2749.37003 6500.01270
 140    1 12.23755 65.58882 240.23801 702.39416 1765.66232 3979.12602
 150    1 10.73219 52.69071 180.36355 498.68461 1194.89054 2581.46597
 160    1 9.54997 43.36903 139.78315 367.75469 844.38974 1756.99886
 170    1 8.60206 36.42872 111.25117 279.95168 618.70057 1244.79917
 180    1 7.82843 31.12906 90.55594 218.91347 467.42826 912.35038
 190    1 7.18728 26.99332 75.13900 175.15480 362.49630 688.34444
 200    1 6.64878 23.70451 63.38599 142.93866 287.52181 532.45878
 210    1 6.19119 21.04580 54.24402 118.66488 232.55452 420.89203
 220    1 5.79828 18.86513 47.00627 100.00021 191.33555 339.05834
 230    1 5.45780 17.05344 41.18589 85.38892 159.80463 277.71953
 240    1 5.16031 15.53102 36.43986 73.76716 135.25473 230.85108
 250    1 4.89845 14.23851 32.52153 64.39090 115.83652 194.42058
 260    1 4.66640 13.13105 29.25027 56.72916 100.25864 165.66537
 270    1 4.45952 12.17421 26.49160 50.39601 87.60144 142.65251
 280    1 4.27406 11.34123 24.14390 45.10628 77.19819 124.00368
 290    1 4.10695 10.61108 22.12929 40.64608 68.55759 108.71894
 300    1 3.95568 9.96702 20.38737 36.85272 61.31225 96.06132
 310    1 3.81817 9.39560 18.87077 33.60096 55.18368 85.47984
 320    1 3.69266 8.88595 17.54189 30.79319 49.95813 76.55704
 330    1 3.57769 8.42914 16.37065 28.35257 45.46965 68.97279
 340    1 3.47202 8.01784 15.33274 26.21800 41.58804 62.47880
 350    1 3.37460 7.64596 14.40834 24.34043 38.21010 56.88048
 360    1 3.28450 7.30840 13.58121 22.68018 35.25335 52.02386
 370    1 3.20097 7.00087 12.83788 21.20487 32.65124 47.78601
 380    1 3.12331 6.71976 12.16717 19.88789 30.34968 44.06794
 390    1 3.05094 6.46197 11.55969 18.70721 28.30439 40.78933
 400    1 2.98335 6.22487 11.00753 17.64450 26.47883 37.88452
 410    1 2.92009 6.00618 10.50399 16.68438 24.84270 35.29946
 420    1 2.86076 5.80395 10.04336 15.81390 23.37068 32.98936
 430    1 2.80502 5.61647 9.62075 15.02209 22.04150 30.91692
 440    1 2.75255 5.44226 9.23195 14.29959 20.83721 29.05084
 450    1 2.70307 5.28002 8.87332 13.63840 19.74256 27.36475
 460    1 2.65635 5.12863 8.54170 13.03165 18.74456 25.83632
 470    1 2.61216 4.98706 8.23436 12.47339 17.83206 24.44653
 480    1 2.57030 4.85445 7.94888 11.95848 16.99548 23.17910
 490    1 2.53061 4.72999 7.68316 11.48244 16.22653 22.02008
 500    1 2.49290 4.61300 7.43534 11.04136 15.51801 20.95740
 510    1 2.45705 4.50284 7.20377 10.63179 14.86368 19.98065
 520    1 2.42292 4.39896 6.98701 10.25073 14.25805 19.08074
 530    1 2.39038 4.30087 6.78376 9.89552 13.69634 18.24977
 540    1 2.35934 4.20810 6.59286 9.56379 13.17431 17.48082
 550    1 2.32969 4.12025 6.41330 9.25345 12.68824 16.76779
 560    1 2.30135 4.03696 6.24414 8.96265 12.23483 16.10535
 570    1 2.27422 3.95789 6.08455 8.68971 11.81117 15.48875
 580    1 2.24824 3.88274 5.93380 8.43317 11.41463 14.91381
 590    1 2.22333 3.81124 5.79120 8.19167 11.04290 14.37679
 600    1 2.19942 3.74314 5.65615 7.96402 10.69390 13.87438
 610    1 2.17647 3.67821 5.52809 7.74914 10.36575 13.40362
 620    1 2.15441 3.61624 5.40653 7.54606 10.05679 12.96186
 630    1 2.13319 3.55705 5.29100 7.35389 9.76550 12.54671
 640    1 2.11278 3.50044 5.18110 7.17183 9.49053 12.15603
 650    1 2.09311 3.44627 5.07643 6.99915 9.23063 11.78790
 660    1 2.07416 3.39439 4.97666 6.83519 8.98468 11.44057
 670    1 2.05588 3.34465 4.88147 6.67935 8.75168 11.11247
 680    1 2.03824 3.29694 4.79056 6.53108 8.53070 10.80216
 690    1 2.02121 3.25113 4.70366 6.38987 8.32090 10.50835
 700    1 2.00476 3.20712 4.62053 6.25525 8.12150 10.22987
 710    1 1.98885 3.16481 4.54094 6.12681 7.93181 9.96562
 720    1 1.97347 3.12410 4.46467 6.00415 7.75118 9.71463
 730    1 1.95858 3.08491 4.39154 5.88692 7.57902 9.47600
 740    1 1.94417 3.04715 4.32136 5.77477 7.41478 9.24890
 750    1 1.93020 3.01075 4.25397 5.66742 7.25798 9.03259
 760    1 1.91667 2.97565 4.18921 5.56456 7.10814 8.82636
 770    1 1.90355 2.94177 4.12693 5.46595 6.96485 8.62957
 780    1 1.89082 2.90906 4.06701 5.37134 6.82771 8.44164
 790    1 1.87847 2.87745 4.00931 5.28050 6.69636 8.26203
 800    1 1.86648 2.84690 3.95373 5.19323 6.57046 8.09023
 810    1 1.85483 2.81735 3.90014 5.10933 6.44970 7.92579
 820    1 1.84352 2.78876 3.84846 5.02861 6.33380 7.76826
 830    1 1.83252 2.76108 3.79858 4.95092 6.22248 7.61725
 840    1 1.82182 2.73427 3.75042 4.87609 6.11549 7.47240
 850    1 1.81141 2.70829 3.70389 4.80397 6.01260 7.33335
 860    1 1.80128 2.68310 3.65892 4.73444 5.91359 7.19980
 870    1 1.79143 2.65868 3.61543 4.66735 5.81826 7.07144
 880    1 1.78183 2.63498 3.57335 4.60259 5.72643 6.94799
 890    1 1.77247 2.61198 3.53261 4.54004 5.63791 6.82920
 900    1 1.76336 2.58964 3.49317 4.47961 5.55253 6.71482
 910    1 1.75448 2.56794 3.45495 4.42118 5.47015 6.60463
 920    1 1.74582 2.54686 3.41791 4.36467 5.39061 6.49842
 930    1 1.73737 2.52636 3.38199 4.30999 5.31379 6.39599
 940    1 1.72913 2.50643 3.34714 4.25706 5.23954 6.29715
 950    1 1.72108 2.48703 3.31333 4.20578 5.16776 6.20173
 960    1 1.71323 2.46816 3.28050 4.15611 5.09832 6.10956
 970    1 1.70557 2.44979 3.24861 4.10795 5.03112 6.02050
 980    1 1.69808 2.43190 3.21764 4.06126 4.96606 5.93439
 990    1 1.69076 2.41447 3.18753 4.01595 4.90304 5.85110
1000    1 1.68361 2.39749 3.15826 3.97199 4.84198 5.77051
1010    1 1.67662 2.38094 3.12979 3.92930 4.78279 5.69249
1020    1 1.66979 2.36480 3.10209 3.88785 4.72539 5.61692
1030    1 1.66311 2.34906 3.07513 3.84757 4.66970 5.54371
1040    1 1.65657 2.33371 3.04888 3.80842 4.61565 5.47274
1050    1 1.65018 2.31872 3.02332 3.77036 4.56318 5.40393
1060    1 1.64392 2.30410 2.99842 3.73335 4.51221 5.33718
1070    1 1.63779 2.28982 2.97416 3.69733 4.46270 5.27240
1080    1 1.63180 2.27587 2.95051 3.66229 4.41457 5.20952
1090    1 1.62593 2.26225 2.92745 3.62817 4.36778 5.14845
1100    1 1.62017 2.24894 2.90496 3.59494 4.32228 5.08912
1110    1 1.61454 2.23593 2.88302 3.56257 4.27801 5.03147
1120    1 1.60902 2.22321 2.86161 3.53103 4.23493 4.97543
1130    1 1.60361 2.21078 2.84071 3.50029 4.19298 4.92093
1140    1 1.59830 2.19862 2.82031 3.47032 4.15214 4.86791
1150    1 1.59310 2.18672 2.80038 3.44109 4.11236 4.81632
1160    1 1.58800 2.17508 2.78092 3.41258 4.07360 4.76611
1170    1 1.58300 2.16369 2.76190 3.38476 4.03582 4.71722
1180    1 1.57810 2.15254 2.74331 3.35761 3.99899 4.66961
1190    1 1.57328 2.14162 2.72514 3.33110 3.96307 4.62322
1200    1 1.56856 2.13093 2.70738 3.30521 3.92803 4.57801
1210    1 1.56393 2.12045 2.69001 3.27993 3.89385 4.53395
1220    1 1.55938 2.11019 2.67301 3.25523 3.86049 4.49098
1230    1 1.55491 2.10014 2.65638 3.23109 3.82792 4.44908
1240    1 1.55052 2.09029 2.64011 3.20749 3.79612 4.40820
1250    1 1.54622 2.08063 2.62419 3.18443 3.76507 4.36830
1260    1 1.54199 2.07116 2.60859 3.16187 3.73473 4.32937
1270    1 1.53783 2.06188 2.59333 3.13981 3.70508 4.29136
1280    1 1.53375 2.05277 2.57837 3.11822 3.67611 4.25423
1290    1 1.52973 2.04384 2.56372 3.09710 3.64778 4.21798
1300    1 1.52579 2.03508 2.54937 3.07643 3.62008 4.18255
1310    1 1.52191 2.02648 2.53531 3.05620 3.59300 4.14793
1320    1 1.51810 2.01804 2.52152 3.03639 3.56650 4.11410
1330    1 1.51436 2.00976 2.50801 3.01699 3.54057 4.08102
1340    1 1.51067 2.00162 2.49476 2.99799 3.51520 4.04867
1350    1 1.50705 1.99364 2.48176 2.97937 3.49037 4.01703
1360    1 1.50348 1.98580 2.46902 2.96113 3.46606 3.98608
1370    1 1.49998 1.97810 2.45651 2.94325 3.44225 3.95579
1380    1 1.49653 1.97053 2.44424 2.92573 3.41893 3.92615
1390    1 1.49314 1.96310 2.43221 2.90855 3.39609 3.89714
1400    1 1.48980 1.95579 2.42039 2.89170 3.37371 3.86873
1410    1 1.48651 1.94862 2.40879 2.87518 3.35179 3.84092
1420    1 1.48327 1.94156 2.39740 2.85898 3.33029 3.81367
1430    1 1.48009 1.93463 2.38622 2.84308 3.30922 3.78698
1440    1 1.47695 1.92781 2.37524 2.82748 3.28857 3.76083
1450    1 1.47386 1.92111 2.36446 2.81217 3.26831 3.73520
1460    1 1.47082 1.91451 2.35386 2.79715 3.24844 3.71008
1470    1 1.46783 1.90803 2.34345 2.78240 3.22895 3.68546
1480    1 1.46488 1.90165 2.33322 2.76792 3.20983 3.66131
1490    1 1.46197 1.89537 2.32316 2.75369 3.19106 3.63763
1500    1 1.45911 1.88920 2.31328 2.73973 3.17265 3.61441
