 100    0.003913593909992495 0.10879328111648764 1.0 5.5275539227899815 22.630066103076757 219.2442732643761
 110    0.0058245271050572965 0.12755730292004747 1.0 4.890353591621014 18.09613188937416 148.9969459701938
 120    0.008172136965440596 0.14605968575638337 1.0 4.405868761977751 14.959102321938893 107.26269530436657
 130    0.010946653885574217 0.16416869649721103 1.0 4.026485592439002 12.693243005688254 80.79341960309478
 140    0.014128514154413326 0.18179985838820917 1.0 3.7221767838744304 10.998634904785986 63.101185906806776
 150    0.01769173220244142 0.19890196492452392 1.0 3.4731600531222737 9.694341808729002 50.757369842158454
 160    0.021606546910850934 0.21544727800945437 1.0 3.2659233594530392 8.66604869950899 41.833185739773214
 170    0.0258414044463167 0.2314245719498949 1.0 3.0909529080687683 7.838674406480535 35.185456694529194
 180    0.030364387037804974 0.24683415128950642 1.0 2.941374156076918 7.161248670953234 30.106033099964
 190    0.03514420305650517 0.26168426259950733 1.0 2.812107063285837 6.598168763518013 26.139339120431238
 200    0.040150842099516484 0.2759885041323064 1.0 2.699323394290046 6.123940971146692 22.98254352270356
 210    0.04535598127635469 0.28976395633384067 1.0 2.600087955491226 5.719907676858227 20.42852100517712
 220    0.05073321109577203 0.3030298360711331 1.0 2.5121154087690907 5.372148089237829 18.332006509359545
 230    0.05625813356765518 0.31580653258825225 1.0 2.4336017348511665 5.070095456955279 16.58883198261223
 240    0.06190837208653306 0.32811492213876736 1.0 2.363105100893044 4.8056043799954065 15.122807180676748
 250    0.06766352231857935 0.3399758861355041 1.0 2.299460142614376 4.572308192399024 13.877209052837882
 260    0.07350506533729662 0.3514099778312859 1.0 2.2417152918374588 4.365167629866835 12.809128679469946
 270    0.07941625822267359 0.36243719722204343 1.0 2.1890862809786453 4.180148284557459 11.885635338714486
 280    0.08538201284751419 0.3730768445846815 1.0 2.1409211867780873 4.013986419708894 11.081122785912498
 290    0.09138877027036674 0.38334743091378853 1.0 2.0966738266913794 3.8640164593529978 10.375440800703835
 300    0.0974243757491017 0.3932666292829677 1.0 2.0558832832602376 3.728042211178121 9.752558306539136
 310    0.1034779576557077 0.40285125539136735 1.0 2.018157980417008 3.604239552837772 9.199592622104213
 320    0.109539812336561 0.4121172686728787 1.0 1.983163180027323 3.4910820590697016 8.706094944544194
 330    0.11560129609092942 0.42107978764242565 1.0 1.9506110758346034 3.3872835637876673 8.263517806249856
 340    0.12165472483475145 0.4297531148483355 1.0 1.9202528795604943 3.291753367967084 7.86481353501253
 350    0.1276932816033139 0.4381507680510661 1.0 1.891872449134325 3.2035609918714125 7.504128219107542
 360    0.1337109317712144 0.44628551517313986 1.0 1.865281121046844 3.121908202913174 7.176566117797853
 370    0.1397023456912917 0.4541694112484999 1.0 1.8403134905541128 3.04610664157875 6.878006602921214
 380    0.14566282834713637 0.46181383610453913 1.0 1.8168239436976823 2.9755597923558446 6.604960673851972
 390    0.15158825555539157 0.4692295318830032 1.0 1.7946837899341648 2.9097483547778515 6.354457569857231
 400    0.15747501622916807 0.4764266397809956 1.0 1.7737788778259693 2.8482182957107183 6.123954478393863
 410    0.16331996021165673 0.4834147355956382 1.0 1.7540076017328625 2.7905710313560386 5.911264116021451
 420    0.16912035120163674 0.49020286380422456 1.0 1.735279226899675 2.736455312478843 5.714496249590825
 430    0.1748738243145488 0.49679957001984004 1.0 1.7175124752994144 2.6855604805875135 5.532010171830282
 440    0.18057834785024382 0.5032129317406769 1.0 1.700634326183013 2.6376108343650535 5.362375845728565
 450    0.1862321888687397 0.5094505873673323 1.0 1.684578994328118 2.5923609004351134 5.204341954749843
 460    0.19183388220648226 0.515519763501952 1.0 1.6692870560766577 2.549591444784166 5.056809489184463
 470    0.19738220259648084 0.5214273005704454 1.0 1.654704698856742 2.5091060939505683 4.918809797169392
 480    0.20287613958547823 0.527179676827329 1.0 1.640783074338103 2.4707284607116193 4.789486256743049
 490    0.2083148749695311 0.5327830308144476 1.0 1.6274777389284483 2.434299689143365 4.668078900571347
 500    0.21369776249575065 0.538243182351664 1.0 1.6147481681759321 2.3996763498590465 4.5539114607199
 510    0.2190243096023533 0.5435656521409161 1.0 1.6025573339500712 2.3667286289030094 4.446380406636975
 520    0.2242941609915843 0.5487556800658296 1.0 1.5908713351449375 2.3353387639089287 4.344945632459659
 530    0.22950708385053423 0.5538182422680856 1.0 1.5796590741738326 2.3053996892749575 4.249122515169901
 540    0.2346629545534643 0.5587580670795131 1.0 1.5688919727732809 2.2768138586860784 4.158475116998123
 550    0.23976174669610095 0.563579649885842 1.0 1.5585437216608224 2.2494922186519117 4.072610346821376
 560    0.2448035203275617 0.5682872669944931 1.0 1.5485900594385626 2.223353311079578 3.9911729284306876
 570    0.2497884122592927 0.5728849885749374 1.0 1.539008576836811 2.198322486463729 3.9138410502118592
 580    0.25471662734272377 0.5773766907361816 1.0 1.529778542976506 2.174331212204629 3.840322592353602
 590    0.25958843061842746 0.5817660668019231 1.0 1.520880750816967 2.1513164629824786 3.770351845219464
 600    0.26440414024952374 0.586056637840016 1.0 1.5122973793643624 2.12922018211914 3.7036866468158363
 610    0.26916412116098715 0.5902517624990563 1.0 1.5040118705599275 2.1079888045240085 3.640105878999112
 620    0.273868779314518 0.5943546462012532 1.0 1.496008819056858 2.087572833210833 3.579407271696314
 630    0.27851855655581115 0.5983683497372863 1.0 1.4882738733400827 2.0679264625363567 3.521405472364584
 640    0.2831139259774779 0.6022957973055647 1.0 1.4807936468512382 2.0490072422896066 3.465930344502684
 650    0.2876553877466366 0.6061397840352261 1.0 1.4735556379583403 2.0307757775849753 3.412825464505435
 660    0.2921434653513509 0.6099029830293432 1.0 1.4665481577608772 2.013195460209081 3.361946790722017
 670    0.29657870222470956 0.6135879519621021 1.0 1.4597602648504178 1.9962322276622602 3.313161482404262
 680    0.3009616587094956 0.6171971392612263 1.0 1.4531817062579317 1.9798543466380305 3.2663468494432464
 690    0.3052929093301026 0.6207328899046061 1.0 1.4468028639145292 1.9640322181122702 3.2213894164976824
 700    0.30957304034169014 0.6241974508579269 1.0 1.4406147060347174 1.9487382015801458 3.1781840874030016
 710    0.3138026475295582 0.6275929761781095 1.0 1.4346087429025265 1.9339464562928341 3.1366333976859786
 720    0.3179823342344044 0.6309215318055311 1.0 1.4287769866025437 1.919632797615861 3.096646844654377
 730    0.3221127095815333 0.6341851000662919 1.0 1.4231119142915116 1.9057745668633013 3.058140285931925
 740    0.32619438689425284 0.6373855839042253 1.0 1.4176064346527928 1.8923505131627856 3.0210353985052225
 750    0.330227982273629 0.6405248108608887 1.0 1.4122538572166596 1.8793406860798578 2.9852591913732938
 760    0.33421411332852474 0.6436045368204467 1.0 1.4070478642649582 1.86672633788092 2.950743565769486
 770    0.3381533980414081 0.6466264495351077 1.0 1.401982485069796 1.8544898344448442 2.9174249176814513
 780    0.3420464537568368 0.6495921719456433 1.0 1.3970520722432225 1.8426145739473916 2.8852437780468914
 790    0.3458938962807867 0.6525032653104663 1.0 1.392251279998897 1.8310849125420585 2.854144486566026
 800    0.34969633908014486 0.6553612321557677 1.0 1.3875750441478543 1.8198860963480041 2.8240748955595927
 810    0.35345439257270866 0.658167519058318 1.0 1.3830185636691397 1.8090041991319197 2.7949861007245183
 820    0.35716866349896814 0.6609235192717133 1.0 1.3785772837125663 1.798426065137639 2.766832196007534
 830    0.3608397543677805 0.6636305752060782 1.0 1.374246879905434 1.7881392565760974 2.739570050137737
 840    0.3644682629687996 0.66628998077053 1.0 1.3700232438479676 1.7781320053400964 2.7131591026391195
 850    0.36805478194520713 0.6689029835870635 1.0 1.3659024696937363 1.7683931685540366 2.687561177388987
 860    0.3715998984209018 0.6714707870839005 1.0 1.3618808417215105 1.7589121876092142 2.662740312002753
 870    0.37510419367686115 0.6739945524758062 1.0 1.3579548228141265 1.7496790503710555 2.638662601513994
 880    0.3785682428718873 0.676475400638338 1.0 1.35412104376802 1.7406842562763656 2.615296054984216
 890    0.381992614803402 0.6789144138825388 1.0 1.350376293364363 1.7319187840668653 2.592610463822714
 900    0.3853778717043657 0.6813126376361215 1.0 1.3467175091392003 1.723374061930329 2.5705772807255745
 910    0.38872456907276426 0.6836710820368 1.0 1.3431417687958054 1.7150419398429446 2.549169508256604
 920    0.392033255530438 0.6859907234430326 1.0 1.3396462822076736 1.7069146639264359 2.528361596193619
 930    0.3953044727083374 0.6882725058670952 1.0 1.3362283839652491 1.6989848526512439 2.5081293468527406
 940    0.39853875515555515 0.690517342335075 1.0 1.332885526423697 1.6912454747329775 2.488449827682532
 950    0.40173663026973677 0.6927261161780769 1.0 1.3296152732128044 1.683689828583574 2.469301290490249
 960    0.4048986182466969 0.6948996822586448 1.0 1.3264152931735256 1.6763115231913654 2.4506630967250986
 970    0.4080252320472668 0.6970388681361499 1.0 1.3232833546887497 1.6691044603157406 2.4325156482993444
 980    0.41111697737958947 0.6991444751746494 1.0 1.3202173203786618 1.6620628178923633 2.414840323477926
 990    0.4141743526952383 0.7012172795964952 1.0 1.317215142133588 1.6551810345541988 2.3976194174118746
1000    0.41719784919769437 0.7032580334847649 1.0 1.3142748564594862 1.6484537951819642 2.380836086930722
1010    0.42018795086184646 0.70526746573739 1.0 1.311394580113316 1.6418760174051283 2.364474299244847
1020    0.4231451344633095 0.7072462829756764 1.0 1.3085725060074016 1.635442838981451 2.3485187842408046
1030    0.42606986961646703 0.709195170409746 1.0 1.30580689936359 1.629149605989139 2.3329549900815327
1040    0.4289626188202426 0.7111147926632659 1.0 1.30309609409957 1.6229918617713281 2.3177690418492167
1050    0.4318238375107061 0.7130057945596887 1.0 1.3004384894311207 1.6169653365776209 2.3029477029919976
1060    0.4346539741196964 0.7148688018720945 1.0 1.2978325466753449 1.611065937851997 2.2884783393567316
1070    0.4374534701387256 0.7167044220385865 1.0 1.2952767862411083 1.6052897411205638 2.274348885608987
1080    0.4402227601874951 0.7185132448450916 1.0 1.2927697847939819 1.5996329814364199 2.2605478138586994
1090    0.44296227208641936 0.7202958430772826 1.0 1.29031017258396 1.5940920453423064 2.2470641043253345
1100    0.4456724269326104 0.7220527731432623 1.0 1.2878966309251119 1.5886634633148817 2.2338872178905627
1110    0.4483536391788286 0.7237845756685297 1.0 1.2855278898171536 1.583343902657302 2.2210070703991067
1120    0.45100631671494973 0.7254917760646713 1.0 1.2832027256996696 1.5781301608093823 2.2084140085800414
1130    0.4536308609515476 0.7271748850731337 1.0 1.2809199593303955 1.5730191590470028 2.1960987874712825
1140    0.4562276669052248 0.7288343992853501 1.0 1.2786784537796092 1.5680079365446047 2.184052549239571
1150    0.45879712328536076 0.7304708016404282 1.0 1.2764771125332623 1.5630936447765786 2.1722668032969046
1160    0.46133961258198447 0.732084561901528 1.0 1.274314877697994 1.5582735422352116 2.160733407622327
1170    0.46385551115449913 0.7336761371119972 1.0 1.2721907283016822 1.5535449894444815 2.149444551205124
1180    0.466345189321022 0.7352459720322788 1.0 1.2701036786836213 1.5489054442505557 2.1383927375321283
1190    0.468809011448121 0.736794499558533 1.0 1.268052776968836 1.544352457371228 2.1275707690477605
1200    0.4712473360407517 0.7383221411238744 1.0 1.266037103621417 1.539883668187824 2.1169717325209856
1210    0.4736605158322254 0.7398293070830748 1.0 1.2640557700721333 1.5354968007643064 2.1065889852583424
1220    0.47604889787404864 0.7413163970815271 1.0 1.26210791741587 1.5311896600793646 2.0964161421068175
1230    0.4784128236254946 0.7427838004092276 1.0 1.2601927151747798 1.5269601284583256 2.086447063194543
1240    0.4807526290427844 0.7442318963404969 1.0 1.2583093601232764 1.5228061621926046 2.0766758423611495
1250    0.48306864466776567 0.7456610544601073 1.0 1.2564570751712858 1.5187257883352845 2.06709679623316
1260    0.48536119571599323 0.7470716349764646 1.0 1.2546351083023881 1.5147171016622099 2.0577044539030576
1270    0.4876306021641189 0.7484639890224395 1.0 1.252842731563709 1.510778261788681 2.0484935471736394
1280    0.4898771788365233 0.7498384589444372 1.0 1.2510792401046384 1.506907490432535 2.039459001332061
1290    0.49210123549111373 0.7511953785802294 1.0 1.2493439512616087 1.5031030688149896 2.0305959264204323
1300    0.49430307690423453 0.7525350735260778 1.0 1.2476362036863862 1.499363335191229 2.0218996089722454
1310    0.4964830029546368 0.7538578613936272 1.0 1.245955356515448 1.4956866825032185 2.0133655041859977
1320    0.4986413087064658 0.7551640520570364 1.0 1.2443007885782003 1.4920715561477413 2.0049892285093804
1330    0.5007782844912243 0.756453947890779 1.0 1.2426718976419215 1.4885164518531009 1.9967665526092462
1340    0.5028942159886841 0.7577278439985349 1.0 1.2410680996914416 1.4850199136583517 1.9886933947042287
1350    0.5049893843067161 0.7589860284335626 1.0 1.2394888282417031 1.4815805319893283 1.980765814238479
1360    0.5070640660600183 0.7602287824109306 1.0 1.2379335336814463 1.4781969418260874 1.9729800058764122
1370    0.5091185334477227 0.7614563805119603 1.0 1.2364016826463875 1.4748678209567305 1.965332293799697
1380    0.5111530543298678 0.7626690908812196 1.0 1.2348927574203326 1.4715918883128833 1.957819126288963
1390    0.5131678923027253 0.7638671754163862 1.0 1.23340625536279 1.4683679023824059 1.9504370705738492
1400    0.5151633067729754 0.7650508899512904 1.0 1.2319416883617063 1.4651946596951748 1.943182807936076
1410    0.5171395530307221 0.7662204844324199 1.0 1.2304985823100347 1.4620709933780305 1.9360531290512062
1420    0.5190968823213505 0.7673762030891714 1.0 1.2290764766049467 1.4589957717752393 1.9290449295557037
1430    0.5210355419162229 0.7685182845981027 1.0 1.2276749236685194 1.455967897130999 1.9221552058266973
1440    0.522955775182219 0.7696469622414415 1.0 1.226293488488844 1.4529863043307787 1.9153810509627258
1450    0.5248578216501186 0.7707624640600851 1.0 1.2249317481805293 1.4500499596984169 1.9087196509543698
1460    0.5267419170818398 0.7718650130013213 1.0 1.223589291563655 1.4471578598461357 1.9021682810344978
1470    0.5286082935365318 0.7729548270614801 1.0 1.2222657187602566 1.4443090305747441 1.8957243021983319
1480    0.5304571794355366 0.7740321194237294 1.0 1.2209606408075075 1.441502525821513 1.8893851578842908
1490    0.5322887996262263 0.7750970985912038 1.0 1.2196736792867813 1.4387374266533062 1.8831483708069992
1500    0.5341033754447231 0.7761499685156578 1.0 1.2184044659678321 1.4360128403027062 1.8770115399344152
1510    0.5359011247775225 0.7771909287218217 1.0 1.2171526424673882 1.4333278992450216 1.8709723376015515
1520    0.5376822621220184 0.7782201744276247 1.0 1.2159178599214597 1.43068176031414 1.8650285067536077
1530    0.5394469986459555 0.7792378966604565 1.0 1.2146997786707319 1.4280736038553437 1.859177858311878
1540    0.5411955422458143 0.7802442823696155 1.0 1.213498067958428 1.4255026329132905 1.8534182686560825
1550    0.5429280976041437 0.7812395145350911 1.0 1.2123124056400632 1.4229680724534566 1.8477476772172021
1560    0.5446448662458571 0.7822237722728291 1.0 1.211142477904551 1.4204691686154518 1.8421640841752238
1570    0.5463460465935053 0.7831972309366051 1.0 1.2099879790061379 1.4180051879966864 1.8366655482565037
1580    0.5480318340215399 0.7841600622166426 1.0 1.2088486110066734 1.4155754169649526 1.8312501846257865
1590    0.5497024209095854 0.7851124342350956 1.0 1.207724083527765 1.4131791609985747 1.8259161628681804
1600    0.5513579966947292 0.7860545116385139 1.0 1.2066141135123505 1.4108157440528344 1.820661705056653
1610    0.5529987479228526 0.7869864556874063 1.0 1.2055184249952993 1.4084845079514614 1.8154850839008705
1620    0.5546248582990103 0.7879084243430055 1.0 1.20443674888262 1.4061848118020353 1.8103846209734265
1630    0.5562365087368791 0.7888205723513414 1.0 1.2033688227389119 1.403916031434211 1.805358685009714
1640    0.5578338774072894 0.7897230513247219 1.0 1.2023143905826925 1.4016775588597241 1.80040569027793
1650    0.559417139785854 0.7906160098207113 1.0 1.2012732026892685 1.3994688017532064 1.7955240950158504
1660    0.5609864686997122 0.7914995934187045 1.0 1.2002450154008177 1.3972891829528706 1.7907123999312378
1670    0.562542034373401 0.7923739447941756 1.0 1.1992295909433806 1.395138139980186 1.7859691467628702
1680    0.5640840044738714 0.7932392037906913 1.0 1.1982266972504654 1.3930151245777078 1.781292916899379
1690    0.5656125441546646 0.7940955074897643 1.0 1.1972361077929872 1.3909196022642525 1.7766823300532015
1700    0.56712781609926 0.7949429902786247 1.0 1.1962576014152784 1.388851051906678 1.7721360429871125
1710    0.5686299805636165 0.795781783915984 1.0 1.1952909621769117 1.386808965307537 1.7676527482909257
1720    0.5701191954179133 0.7966120175958578 1.0 1.1943359792001058 1.3847928468079238 1.7632311732060872
1730    0.5715956161875138 0.7974338180095237 1.0 1.193392446522473 1.382802212904868 1.7588700784959868
1740    0.5730593960931568 0.7982473094056646 1.0 1.1924601629548972 1.380836591882645 1.7545682573599344
1750    0.5745106860904018 0.7990526136487776 1.0 1.1915389319443292 1.3788955234574327 1.750324534388863
1760    0.5759496349083295 0.7998498502758916 1.0 1.1906285614413075 1.3769785584347332 1.7461377645608893
1770    0.5773763890875212 0.800639136551661 1.0 1.1897288637720065 1.3750852583790432 1.742006832274987
1780    0.5787910930173265 0.8014205875218892 1.0 1.1888396555146383 1.3732151952952563 1.7379306504210972
1790    0.5801938889724316 0.8021943160655309 1.0 1.1879607573800337 1.371367951321311 1.7339081594850885
1800    0.5815849171487467 0.8029604329452276 1.0 1.1870919940962321 1.3695431184316347 1.729938326687059
1810    0.5829643156986186 0.8037190468564231 1.0 1.1862331942969326 1.3677402981509255 1.7260201451515436
1820    0.5843322207653877 0.8044702644751104 1.0 1.1853841904136495 1.365959101277872 1.7221526331082646
1830    0.5856887665172987 0.8052141905042468 1.0 1.1845448185714287 1.3641991476183954 1.7183348331221215
1840    0.5870340851807777 0.8059509277188907 1.0 1.1837149184879934 1.3624600657280423 1.7145658113511932
1850    0.5883683070730893 0.8066805770100922 1.0 1.1828943333761752 1.3607414926631551 1.7108446568315554
1860    0.5896915606343847 0.8074032374275871 1.0 1.1820829098495274 1.3590430737404842 1.7071704807878274
1870    0.5910039724591525 0.8081190062213245 1.0 1.1812804978309732 1.357364462304895 1.7035424159683372
1880    0.5923056673270851 0.8088279788818713 1.0 1.180486950464395 1.3557053195048663 1.699959616003924
1890    0.5935967682333713 0.809530249179728 1.0 1.1797021240290473 1.3540653140754684 1.6964212547893878
1900    0.5948773964184247 0.8102259092035864 1.0 1.1789258778566867 1.352444122128532 1.6929265258866635
1910    0.5961476713970643 0.8109150493975709 1.0 1.1781580742513211 1.3508414269497377 1.6894746419488504
1920    0.5974077109871492 0.8115977585974857 1.0 1.1773985784114789 1.3492569188023504 1.686064834164234
1930    0.5986576313376887 0.8122741240661068 1.0 1.1766472583549095 1.3476902947373561 1.6826963517195161
1940    0.5998975469564289 0.8129442315275439 1.0 1.1759039848456252 1.346141258409754 1.6793684612814799
1950    0.6011275707369319 0.8136081652007032 1.0 1.175168631323197 1.34460951990077 1.6760804464963566
1960    0.6023478139851542 0.814266007831877 1.0 1.1744410738342252 1.343094795545772 1.6728316075061942
1970    0.6035583864455377 0.8149178407264891 1.0 1.1737211909659095 1.3415968077676783 1.6696212604815652
1980    0.6047593963266185 0.8155637437800195 1.0 1.1730088637816392 1.3401152849156501 1.666448737169976
1990    0.6059509503261665 0.8162037955081358 1.0 1.172303975758532 1.3386499611088725 1.6633133844593568
2000    0.6071331536558647 0.8168380730760515 1.0 1.1716064127268604 1.3372005760852486 1.6602145639560713
2010    0.6083061100655343 0.817466652327138 1.0 1.1709160628112851 1.3357668750548066 1.65715165157686
2020    0.6094699218669182 0.8180896078108124 1.0 1.1702328163738474 1.3343486085576761 1.654124037154214
2030    0.6106246899570306 0.8187070128097188 1.0 1.1695565659586513 1.3329455323264447 1.6511311240546465
2040    0.6117705138410787 0.8193189393662296 1.0 1.1688872062381763 1.331557407152751 1.6481723288093866
2050    0.6129074916549705 0.8199254583082816 1.0 1.1682246339611686 1.330183998757957 1.6452470807570216
2060    0.6140357201874076 0.8205266392745705 1.0 1.167568747902055 1.32882507766776 1.6423548216976471
2070    0.6151552949015843 0.8211225507391199 1.0 1.166919448811827 1.3274804190906013 1.6394950055580915
2080    0.6162663099564876 0.8217132600352451 1.0 1.1662766393703485 1.3261498027997367 1.6366670980678073
2090    0.6173688582278134 0.8222988333789247 1.0 1.1656402241400328 1.3248330130188444 1.6338705764450343
2100    0.6184630313285053 0.822879335891606 1.0 1.1650101095208492 1.323529838311047 1.6311049290928619
2110    0.6195489196289249 0.8234548316224497 1.0 1.1643862037066155 1.3222400714712246 1.6283696553048297
2120    0.6206266122766524 0.8240253835700363 1.0 1.1637684166425233 1.3209635094215133 1.6256642649797102
2130    0.6216961972159384 0.8245910537035496 1.0 1.1631566599838692 1.3196999531098694 1.6229882783451575
2140    0.6227577612068038 0.8251519029834512 1.0 1.1625508470559462 1.3184492074116094 1.6203412256898988
2150    0.623811389843794 0.8257079913816545 1.0 1.1619508928150506 1.3172110810338082 1.6177226471041486
2160    0.6248571675744042 0.8262593779012257 1.0 1.1613567138105825 1.3159853864224718 1.6151320922279837
2170    0.6258951777171695 0.8268061205956091 1.0 1.160768228148191 1.314771939672384 1.6125691200073624
2180    0.6269255024794359 0.827348276587403 1.0 1.160185355453939 1.3135705604395402 1.610033298457548
2190    0.6279482229748148 0.8278859020866898 1.0 1.1596080168394494 1.3123810718560855 1.6075242044336626
2200    0.6289634192403243 0.8284190524089384 1.0 1.1590361348680058 1.3112033004476635 1.6050414234081176
2210    0.6299711702532319 0.8289477819924873 1.0 1.1584696335215758 1.310037076053111 1.6025845492547044
2220    0.6309715539475924 0.8294721444156198 1.0 1.157908438168723 1.3088822317464095 1.6001531840390864
2230    0.6319646472304993 0.8299921924132446 1.0 1.1573524755333902 1.3077386037608232 1.597746937815499
2240    0.6329505259980461 0.8305079778931924 1.0 1.1568016736645146 1.306606031415158 1.5953654284294254
2250    0.6339292651510064 0.8310195519521342 1.0 1.1562559619064587 1.305484357042063 1.5930082813260564
2260    0.6349009386102409 0.8315269648911382 1.0 1.155715270870226 1.30437342591832 1.5906751293643355
2270    0.6358656193318304 0.8320302662308708 1.0 1.1551795324054372 1.3032730861970432 1.5883656126363979
2280    0.6368233793219462 0.8325295047264509 1.0 1.1546486795730473 1.3021831888417421 1.586079378292225
2290    0.6377742896514609 0.8330247283819711 1.0 1.1541226466187784 1.3011035875621848 1.5838160803693453
2300    0.6387184204702998 0.8335159844646851 1.0 1.1536013689472457 1.3000341387519914 1.581575379627401
2310    0.6396558410215492 0.8340033195188851 1.0 1.1530847830967565 1.2989747014279254 1.579356943387432
2320    0.6405866196553119 0.8344867793794608 1.0 1.1525728267147635 1.2979251371708134 1.5771604453757164
2330    0.6415108238423274 0.8349664091851603 1.0 1.1520654385339482 1.2968853100680457 1.574985565572018
2340    0.6424285201873543 0.8354422533915561 1.0 1.1515625583489222 1.2958550866576164 1.572831990062098
2350    0.6433397744423198 0.8359143557837212 1.0 1.1510641269935198 1.2948343358736392 1.570699410894353
2360    0.6442446515192449 0.8363827594886307 1.0 1.1505700863186734 1.2938229289933154 1.5685875259404425
2370    0.645143215502944 0.8368475069872865 1.0 1.150080379170846 1.292820739585288 1.5664960387597846
2380    0.6460355296635083 0.8373086401265788 1.0 1.1495949493710091 1.2918276434593545 1.5644246584677848
2390    0.6469216564685731 0.8377662001308892 1.0 1.1491137416941515 1.290843518617492 1.5623730996076923
2400    0.6478016575953763 0.8382202276134405 1.0 1.1486367018492967 1.2898682452061496 1.5603410820259567
2410    0.6486755939426087 0.8386707625874017 1.0 1.1481637764600219 1.288901705469781 1.55832833075098
2420    0.6495435256420642 0.8391178444767535 1.0 1.1476949130454595 1.2879437837055736 1.556334575875159
2430    0.650405512070089 0.8395615121269194 1.0 1.1472300600017684 1.2869943662193333 1.5543595524401077
2440    0.6512616118588386 0.8400018038151721 1.0 1.1467691665840616 1.2860533412825035 1.5524030003249698
2450    0.6521118829073409 0.8404387572608122 1.0 1.1463121828887755 1.2851205990902732 1.550464664137718
2460    0.6529563823923734 0.8408724096351365 1.0 1.1458590598364728 1.2841960317207464 1.5485442931093465
2470    0.6537951667791569 0.8413027975711924 1.0 1.145409749155061 1.2832795330951439 1.5466416409908796
2480    0.6546282918318669 0.8417299571733255 1.0 1.1449642033634182 1.2823709989390024 1.544756465953094
2490    0.6554558126239682 0.8421539240265284 1.0 1.1445223757554155 1.281470326744347 1.5428885304888826
2500    0.6562777835483778 0.8425747332055921 1.0 1.1440842203843202 1.2805774157328045 1.5410376013181775
2510    0.6570942583274534 0.8429924192840663 1.0 1.1436496920475763 1.2796921668196308 1.5392034492953484
2520    0.6579052900228174 0.8434070163430348 1.0 1.1432187462719439 1.2788144825786307 1.5373858493190142
2530    0.6587109310450162 0.843818557979707 1.0 1.1427913392989943 1.2779442672079409 1.5355845802441808
2540    0.6595112331630159 0.8442270773158305 1.0 1.1423674280709477 1.2770814264966477 1.5337994247966484
2550    0.6603062475135439 0.844632607005936 1.0 1.1419469702168439 1.2762258677922245 1.5320301694896108
2560    0.6610960246102698 0.8450351792454052 1.0 1.1415299240390373 1.2753774999687602 1.530276604542387
2570    0.6618806143528394 0.8454348257783796 1.0 1.14111624850001 1.274536233395956 1.5285385238012235
2580    0.6626600660357543 0.8458315779055061 1.0 1.1407059032094875 1.2737019799088711 1.5268157246620992
2590    0.6634344283571074 0.8462254664915224 1.0 1.1402988484118604 1.272874652778395 1.5251080079954829
2600    0.6642037494271734 0.8466165219726948 1.0 1.139895044973888 1.2720541666824283 1.52341517807298
2610    0.6649680767768577 0.8470047743640986 1.0 1.1394944543726935 1.2712404376777495 1.5217370424958159
2620    0.665727457366006 0.847390253266758 1.0 1.1390970386840285 1.2704333831725496 1.5200734121251034
2630    0.6664819375915784 0.8477729878746387 1.0 1.1387027605708087 1.2696329218996187 1.518424101013845
2640    0.6672315632956886 0.8481530069815029 1.0 1.1383115832719097 1.2688389738901613 1.5167889263406098
2650    0.6679763797735114 0.848530338987627 1.0 1.1379234705912173 1.2680514604482298 1.5151677083448523
2660    0.668716431781064 0.8489050119063855 1.0 1.1375383868869253 1.2672703041257558 1.5135602702638162
2670    0.6694517635428553 0.8492770533707046 1.0 1.1371562970610722 1.2664954286981596 1.511966438270978
2680    0.670182418759416 0.8496464906393901 1.0 1.1367771665493174 1.2657267591405308 1.510386041415995
2690    0.670908440614703 0.8500133506033268 1.0 1.1364009613109394 1.2649642216043555 1.5088189115661026
2700    0.6716298717833863 0.8503776597915615 1.0 1.136027647819063 1.264207743394784 1.5072648833489382
2710    0.6723467544380155 0.850739444377261 1.0 1.1356571930510988 1.2634572529484156 1.5057237940967272
2720    0.6730591302560738 0.8510987301835622 1.0 1.1352895644793968 1.2627126798115964 1.5041954837918228
2730    0.6737670404269143 0.8514555426892981 1.0 1.134924730062103 1.2619739546192057 1.5026797950135322
2740    0.6744705256585898 0.8518099070346229 1.0 1.134562658234221 1.2612410090739303 1.5011765728862188
2750    0.6751696261845684 0.8521618480265222 1.0 1.134203317898864 1.2605137759260039 1.499685665028628
2760    0.6758643817703442 0.8525113901442185 1.0 1.1338466784187013 1.259792188953402 1.4982069215044134
2770    0.6765548317199421 0.8528585575444747 1.0 1.1334927096075884 1.2590761829424844 1.4967401947738237
2780    0.677241014882317 0.853203374066794 1.0 1.13314138172238 1.258365693669069 1.495285339646524
2790    0.6779229696576545 0.8535458632385232 1.0 1.1327926654549165 1.257660657879929 1.4938422132355185
2800    0.6786007340035666 0.8538860482798544 1.0 1.1324465319241865 1.2569610132746971 1.4924106749121417
2810    0.6792743454411948 0.8542239521087375 1.0 1.1321029526686541 1.2562666984881747 1.490990586262099
2820    0.6799438410612119 0.8545595973456961 1.0 1.1317618996387502 1.2555776530730305 1.4895818110425156
2830    0.6806092575297317 0.8548930063185538 1.0 1.1314233451895257 1.254893817482875 1.4881842151399782
2840    0.6812706310941237 0.8552242010670722 1.0 1.131087262073458 1.254215133055711 1.4867976665295342
2850    0.6819279975887373 0.8555532033475005 1.0 1.1307536234334092 1.2535415419977405 1.4854220352346308
2860    0.6825813924405373 0.8558800346370431 1.0 1.130422402795736 1.2528729873675286 1.4840571932879647
2870    0.6832308506746467 0.8562047161382389 1.0 1.1300935740635385 1.2522094130605044 1.4827030146932159
2880    0.6838764069198088 0.856527268783267 1.0 1.1297671115100547 1.251550763793802 1.4813593753876504
2890    0.6845180954137583 0.856847713238164 1.0 1.1294429897721912 1.2508969850914244 1.4800261532055616
2900    0.6851559500085121 0.85716606990697 1.0 1.1291211838441852 1.2502480232697246 1.4787032278425325
2910    0.6857900041755777 0.8574823589357967 1.0 1.1288016690714053 1.2496038254232023 1.4773904808204978
2920    0.6864202910110774 0.8577966002168181 1.0 1.12848442114427 1.2489643394105951 1.4760877954535785
2930    0.6870468432407977 0.8581088133921928 1.0 1.1281694160922993 1.2483295138412704 1.4747950568146821
2940    0.6876696932251577 0.8584190178579099 1.0 1.1278566302782842 1.2476992980619044 1.4735121517028351
2950    0.6882888729641002 0.8587272327675693 1.0 1.1275460403925754 1.2470736421434379 1.472238968611237
2960    0.6889044141019096 0.8590334770360912 1.0 1.12723762344749 1.2464524968683117 1.4709753976960163
2970    0.689516347931955 0.8593377693433586 1.0 1.12693135677183 1.2458358137179653 1.4697213307456702
2980    0.6901247054013585 0.8596401281377943 1.0 1.1266272180055115 1.2452235448605957 1.4684766611511681
2990    0.6907295171155949 0.8599405716398744 1.0 1.1263251850943043 1.2446156431391748 1.4672412838767057
3000    0.691330813343019 0.8602391178455776 1.0 1.1260252362846737 1.2440120620597097 1.466015095431094
