 100    0.0001729378028401078 0.004807466342384932 0.04418900039642576 0.24425708248543126 1.0 9.688185278193592
 110    0.0003218658628630681 0.007048871200753552 0.05526042836741196 0.2702430343410888 1.0 8.233635059749044
 120    0.0005462986207036908 0.009763933865347888 0.06684893107077745 0.29452761717634224 1.0 7.170396524867405
 130    0.0008624000880364984 0.012933550269512819 0.07878207322997499 0.3172148828029687 1.0 6.365073099671109
 140    0.0012845697922262511 0.016529311133793533 0.09092037408795671 0.33842170561137086 1.0 5.7371834280405745
 150    0.0018249544478111334 0.020517325348011574 0.10315295455123911 0.3582667211089012 1.0 5.235772664468606
 160    0.0024932408829037786 0.024861074000387447 0.11539284334470208 0.37686418259316773 1.0 4.8272502486794755
 170    0.003296654906976697 0.02952343214543613 0.12757259048459282 0.39432086954821827 1.0 4.488699857904549
 180    0.004240096725165553 0.034468032410421845 0.13964045181898285 0.41073481612326024 1.0 4.204020064556226
 190    0.0053263571024162425 0.03966013480079319 0.15155720258764946 0.4261950798885716 1.0 3.961605114582468
 200    0.006556373140872771 0.04506713984224252 0.16329354001149893 0.4407820726894767 1.0 3.7529008902906096
 210    0.007929495341307217 0.05065885197870873 0.17482799662061502 0.45456816829592184 1.0 3.571477401257269
 220    0.009443747687709366 0.056407573104360446 0.18614527808779646 0.46761842135396087 1.0 3.4124164495920275
 230    0.01109606989558331 0.06228808417305462 0.19723494527665666 0.4799913049985466 1.0 3.271897368294175
 240    0.012882536137232387 0.0682775559937127 0.20809037135115893 0.4917394179866515 1.0 3.1469105620989977
 250    0.014798548013684371 0.07435541783921694 0.21870791685967136 0.502910137693033 1.0 3.0350554837723465
 260    0.016839001745172152 0.08050320345704712 0.22908627681510282 0.5135462098865251 1.0 2.9343955984253247
 270    0.018998430872908895 0.08670438763164921 0.23922596327366105 0.5236862742562727 1.0 2.8433525630234397
 280    0.021271126486199308 0.0929442219218415 0.24912889467935043 0.533365328857628 1.0 2.760627871460545
 290    0.023651237315295788 0.09920957504875053 0.25879806944907346 0.5426151386121302 1.0 2.6851440489053013
 300    0.02613285210585479 0.10548878124389292 0.26823730616611874 0.5514645936936818 1.0 2.6159999683740627
 310    0.028710066614255726 0.11177149839393591 0.2774510365751514 0.5599400236391129 1.0 2.5524365090719288
 320    0.0313770374007625 0.11804857683084628 0.28644414055007306 0.5680654726734764 1.0 2.4938098839372977
 330    0.0341280243929929 0.12431193896609394 0.2952218145214267 0.5758629412334839 1.0 2.439570721091202
 340    0.03695742397307329 0.1305544695512051 0.30378946665058887 0.58335259811594 1.0 2.389247509107789
 350    0.039859794125136905 0.1367699160911287 0.31215263344052446 0.5905529671308541 1.0 2.342433385269772
 360    0.04282987297526671 0.14295279879039796 0.32031691356807385 0.5974810916305219 1.0 2.298775508870222
 370    0.04586259186870953 0.14909832933922199 0.32828791558056397 0.6041526798288016 1.0 2.2579664510223614
 380    0.048953083961324306 0.1552023378225939 0.3360712167737246 0.610582233422117 1.0 2.219737170404032
 390    0.052096689154057366 0.1612612070430493 0.34367233109969275 0.6167831616735057 1.0 2.183851245906923
 400    0.0552889560699466 0.1672718135749888 0.3510966843749134 0.6227678828189525 1.0 2.150100112626988
 410    0.058525641661339 0.17323147490738824 0.35834959539233235 0.6285479143960465 1.0 2.1182991042335
 420    0.06180270893897314 0.17913790207674535 0.36543626180912886 0.6341339538732524 1.0 2.0882841475727574
 430    0.06511632323256861 0.18498915723959286 0.3723617498948423 0.6395359507687121 1.0 2.059908988018791
 440    0.06846284732285537 0.19078361568142949 0.37913098739629947 0.6447631712858062 1.0 2.0330428491811374
 450    0.07183883572595223 0.19651993180495192 0.3857487589139906 0.6498242563546499 1.0 2.0075684500087636
 460    0.07524102836120154 0.2021970086841082 0.392219703296288 0.6547272738507208 1.0 1.983380317473784
 470    0.07866634379166648 0.20781397081119918 0.398548312648473 0.6594797656608542 1.0 1.960383344900639
 480    0.08211187219134791 0.21337013970183139 0.4047389326271735 0.6640887901803361 1.0 1.9384915553866982
 490    0.08557486816376235 0.2188650120568906 0.41079576375080673 0.6685609607505479 1.0 1.9176270372092326
 500    0.08905274351197524 0.22429824021196842 0.41672286350563004 0.6729024804827451 1.0 1.8977190240623034
 510    0.09254306003974447 0.22966961463294652 0.4225241490671049 0.6771191738585021 1.0 1.8787030977429358
 520    0.09604352244646384 0.23497904824194044 0.4282034004891794 0.6812165154498231 1.0 1.8605204947598342
 530    0.09955197136454617 0.24022656238071244 0.4337642642410946 0.6851996560607811 1.0 1.8431175014629415
 540    0.10306637657629397 0.245412274239215 0.439210256993555 0.6890734465568781 1.0 1.8264449248380492
 550    0.10658483043777174 0.25053638559531766 0.44454476957439115 0.6928424596173244 1.0 1.81045762819399
 560    0.11010554152938211 0.25559917272822186 0.4497710710289392 0.6965110096184509 1.0 1.795114122681978
 570    0.11362682854648318 0.26060097738275567 0.4548923127327977 0.7000831708329085 1.0 1.7803762069994342
 580    0.11714711443821746 0.26554219867485573 0.45991153251489486 0.7035627941087278 1.0 1.766208648800919
 590    0.12066492079856393 0.27042328584023917 0.4648316587572846 0.7069535221742752 1.0 1.7525789023119522
 600    0.12417886251029774 0.2752447317387035 0.4696555144450746 0.7102588036993078 1.0 1.7394568574536449
 610    0.12768764263990737 0.28000706703579353 0.4743858211456695 0.7134819062284057 1.0 1.7268146164661728
 620    0.13119004757946032 0.2847108549918683 0.47902520290127076 0.7166259280908018 1.0 1.714626294590611
 630    0.13468494242982032 0.28935668679599685 0.4835761900224819 0.719693809379799 1.0 1.7028678418503838
 640    0.1381712666184235 0.29394517738870746 0.48804122277409695 0.7226883420853926 1.0 1.6915168833809369
 650    0.14164802974394353 0.29847696172349236 0.4924226549467775 0.7256121794552384 1.0 1.6805525761017355
 660    0.14511430763956235 0.30295269142222364 0.49672275731048227 0.7284678446515911 1.0 1.669955479818567
 670    0.1485692386461598 0.30737303178431313 0.5009437209472748 0.7312577387651475 1.0 1.65970744109478
 680    0.15201202008650552 0.3117386591136273 0.5050876604625433 0.7339841482407855 1.0 1.6497914884444882
 690    0.15544190493144505 0.3160502583309064 0.5091566170748207 0.7366492517648839 1.0 1.6401917375845907
 700    0.15885819864909048 0.3203085208427652 0.513152561585309 0.7392551266591821 1.0 1.630893305640518
 710    0.16226025622812945 0.3245141426413311 0.5170773972289242 0.7418037548218973 1.0 1.6218822333367828
 720    0.16564747936653879 0.32866782261124156 0.5209329624092569 0.7442970282530342 1.0 1.6131454143210826
 730    0.16901931381721394 0.3327702610231031 0.5247210333202693 0.7467367541974285 1.0 1.6046705308725435
 740    0.17237524688228445 0.3368221581946407 0.5284433264578702 0.7491246599360032 1.0 1.5964459953330772
 750    0.17571480504817677 0.3408242133026812 0.5321015010247628 0.7514623972529958 1.0 1.5884608966776994
 760    0.17903755175379354 0.34477712333081295 0.5356971612320985 0.7537515466044251 1.0 1.5807049517065934
 770    0.18234308528449653 0.348681582139101 0.5392318585015904 0.7559936210108642 1.0 1.5731684604002183
 780    0.18563103678490853 0.3525382796436027 0.542707093571784 0.7581900696955574 1.0 1.5658422650299018
 790    0.18890106838387366 0.3563479010946626 0.5461243185121983 0.7603422814871335 1.0 1.5587177126612193
 800    0.19215287142524268 0.3601111264440626 0.5494849386490268 0.7624515880045043 1.0 1.5517866207268196
 810    0.19538616479846732 0.36382862979209807 0.5527903144060509 0.7645192666400685 1.0 1.5450412453800484
 820    0.19860069336330094 0.36750107890653316 0.556041763064342 0.766546543355987 1.0 1.5384742523712145
 830    0.20179622646320686 0.3711291348061941 0.5592405604442605 0.7685345953070912 1.0 1.532078690215339
 840    0.20497255652236526 0.37471345140266527 0.5623879425131509 0.7704845533028515 1.0 1.5258479654440416
 850    0.2081294977214568 0.37825467519420797 0.5654851069220488 0.7723975041198529 1.0 1.5197758197553586
 860    0.2112668847476665 0.38175344500659314 0.5685332144745903 0.774274492675291 1.0 1.5138563088939982
 870    0.21438457161461272 0.38521039177606414 0.5715333905312117 0.7761165240711685 1.0 1.5080837831112004
 880    0.21748243054815258 0.3886261383701141 0.5744867263516122 0.7779245655181181 1.0 1.5024528690681684
 890    0.22056035093424692 0.3920012994421842 0.57739428037833 0.7796995481470731 1.0 1.4969584530602444
 900    0.22361823832529368 0.39533648131676763 0.5802570794641722 0.7814423687163768 1.0 1.4915956654507752
 910    0.2266560135015484 0.3986322819017519 0.5830761200461227 0.7831538912213446 1.0 1.4863598662141433
 920    0.22967361158444755 0.401889290625133 0.5858523692682376 0.7848349484127517 1.0 1.4812466314968549
 930    0.23267098119884347 0.4051080883935221 0.5885867660559263 0.7864863432302426 1.0 1.476251741114017
 940    0.2356480836813346 0.40828924757010654 0.5912802221439115 0.7881088501562079 1.0 1.4713711669061058
 950    0.23860489233204132 0.41143333196996373 0.593933623060052 0.7897032164952618 1.0 1.4666010618877354
 960    0.2415413917073421 0.41454089687082346 0.5965478290671163 0.7912701635840893 1.0 1.461937750126254
 970    0.2444575769512243 0.41761248903756015 0.5991236760644881 0.7928103879360716 1.0 1.4573777172934947
 980    0.24735345316305232 0.42064864675886554 0.6016619764516993 0.7943245623247919 1.0 1.4529176018389898
 990    0.2502290347996832 0.42364989989470175 0.6041635199555901 0.7958133368102315 1.0 1.4485541867374294
1000    0.25308434510998357 0.426616769933267 0.606629074422808 0.7972773397111869 1.0 1.4442843917672041
1010    0.25591941559992115 0.42954977005633865 0.6090593865792807 0.7987171785272097 1.0 1.4401052662805414
1020    0.25873428552650796 0.432449405211953 0.6114551827582045 0.8001334408131174 1.0 1.4360139824290374
1030    0.2615290014189817 0.43531617219350327 0.6138171695980306 0.8015266950089392 1.0 1.432007828811448
1040    0.26430361662570145 0.43815055972440764 0.6161460347118458 0.8028974912279443 1.0 1.428084204513269
1050    0.26705819088532873 0.4409530485475942 0.6184424473294798 0.8042463620052342 1.0 1.4242406135101753
1060    0.26979278992094646 0.44372411151911956 0.6207070589136039 0.805573823009206 1.0 1.4204746594096054
1070    0.27250748505585265 0.44646421370530587 0.6229405037510272 0.8068803737180474 1.0 1.4167840405068495
1080    0.27520235284983247 0.4491738124828418 0.6251433995203273 0.8081664980632717 1.0 1.4131665451338713
1090    0.2778774747547907 0.4518533576413464 0.6273163478369065 0.8094326650421784 1.0 1.4096200472807783
1100    0.28053293678868707 0.45450329148795154 0.6294599347765037 0.8106793293009998 1.0 1.406142502471459
1110    0.2831688292267798 0.45712404895349207 0.6315747313781391 0.8119069316903749 1.0 1.4027319438762638
1120    0.28578524630923996 0.4597160576999462 0.6336612941274286 0.8131158997946963 1.0 1.399386478645971
1130    0.28838228596425686 0.4622797382287988 0.6357201654211507 0.8143066484367727 1.0 1.3961042844524323
1140    0.2909600495457994 0.4648155039900317 0.6377518740139063 0.81547958015915 1.0 1.392883606222386
1150    0.29351864158525137 0.4673237614914865 0.6397569354476745 0.8166350856833764 1.0 1.3897227530519443
1160    0.2960581695561819 0.46980491040835787 0.6417358524650201 0.81777354434838 1.0 1.3866200952901617
1170    0.29857874365155346 0.47225934369261235 0.6436891154066811 0.8188953245290912 1.0 1.383574061780937
1180    0.3010804765727097 0.47468744768214727 0.6456172025942191 0.8200007840363466 1.0 1.3805831372532869
1190    0.30356348332952454 0.4770896022095195 0.647520580698388 0.8210902704990641 1.0 1.377645859850722
1200    0.30602788105112383 0.4794661807100996 0.6493997050938443 0.822164121729613 1.0 1.3747608187911324
1210    0.3084737888066305 0.4818175503295211 0.6512550202007856 0.8232226660732468 1.0 1.3719266521491742
1220    0.31090132743541 0.4841440720303083 0.6530869598140886 0.8242662227424215 1.0 1.369142044753722
1230    0.3133106193863212 0.4864461006975795 0.6548959474204715 0.8252951021367638 1.0 1.3664057261934508
1240    0.31570178856550934 0.48872398524374144 0.656682396504198 0.8263096061494171 1.0 1.3637164689240937
1250    0.3180749601923004 0.490978068712092 0.6584467108418081 0.8273100284604514 1.0 1.3610730864713634
1260    0.3204302606627805 0.4932086883792678 0.660189284786332 0.8282966548179758 1.0 1.3584744317239095
1270    0.32276781742066524 0.49541617585647413 0.6619105035414352 0.8292697633075619 1.0 1.3559193953110846
1280    0.32508775883509045 0.49760085718945324 0.6636107434259054 0.8302296246105558 1.0 1.3534069040606236
1290    0.32739021408496927 0.4997630529571428 0.6652903721288894 0.8311765022518127 1.0 1.3509359195316561
1300    0.3296753130495825 0.5019030783689928 0.6669497489562527 0.8321106528373675 1.0 1.3485054366187845
1310    0.3319431862050884 0.5040212433609103 0.6685892250684314 0.8330323262825247 1.0 1.346114482223228
1320    0.33419396452665273 0.5061178526898089 0.6702091437101174 0.8339417660308194 1.0 1.3437621139872806
1330    0.33642777939591445 0.5081932060267428 0.6718098404321085 0.8348392092642847 1.0 1.341447419088589
1340    0.33864476251352243 0.5102475980486145 0.6733916433056419 0.8357248871054301 1.0 1.3391695130909562
1350    0.34084504581648595 0.5122813185284413 0.674954873129504 0.8365990248113162 1.0 1.336927538848591
1360    0.34302876140009997 0.514294652424178 0.6764998436302081 0.8374618419600895 1.0 1.33472066546092
1370    0.3451960414442178 0.516287879966092 0.678026861655515 0.8383135526303281 1.0 1.332548087275243
1380    0.34734701814365304 0.5182612767426891 0.6795362273615526 0.8391543655735176 1.0 1.330409022934693
1390    0.3494818236425066 0.5202151137851914 0.681028234393788 0.8399844843799746 1.0 1.3283027144691006
1400    0.351600589972224 0.5221496576505779 0.6825031700620887 0.8408041076385063 1.0 1.3262284264265227
1410    0.3537034489931991 0.5240651705031859 0.6839613155101024 0.8416134290900875 1.0 1.3241854450433133
1420    0.3557905323397457 0.5259619101948891 0.6854029458791685 0.8424126377758193 1.0 1.3221730774507523
1430    0.35786197136827624 0.5278401303438602 0.6868283304669774 0.8432019181794231 1.0 1.32019065091636
1440    0.35991789710852357 0.5297000804119265 0.6882377328811667 0.843981450364499 1.0 1.318237512118133
1450    0.36195844021765927 0.5315420057805382 0.689631411188054 0.8447514101067884 1.0 1.316313026450032
1460    0.3639837309371653 0.5333661478253571 0.6910096180566796 0.8455119690216444 1.0 1.314416577357179
1470    0.36599389905232327 0.5351727439894859 0.6923726008983431 0.8462632946869215 1.0 1.3125475656992556
1480    0.36798907385419166 0.5369620278553505 0.6937206020017894 0.8470055507614748 1.0 1.3107054091407362
1490    0.3699693841039505 0.5387342292152518 0.6950538586642127 0.8477388970994547 1.0 1.3088895415666302
1500    0.3719349579994954 0.5404895741406103 0.6963726033182293 0.8484634898605761 1.0 1.307099412522487
1510    0.37388592314417257 0.5422282850499124 0.6976770636549606 0.8491794816165235 1.0 1.305334486677508
1520    0.37582240651754556 0.5439505807753837 0.6989674627433751 0.8498870214536572 1.0 1.3035942433096348
1530    0.37774453444809875 0.5456566766284052 0.7002440191460151 0.8505862550721682 1.0 1.30187817581159
1540    0.37965243258777887 0.5473467844636914 0.7015069470312422 0.8512773248818277 1.0 1.300185791216859
1550    0.3815462258882848 0.5490211127422499 0.702756456282127 0.8519603700944712 1.0 1.2985166097446923
1560    0.3834260385790203 0.5506798665931426 0.7039927526020942 0.8526355268133459 1.0 1.2968701643632314
1570    0.38529199414662646 0.5523232478740658 0.7052160376174427 0.8533029281194459 1.0 1.2952460003699195
1580    0.38714421531601684 0.5539514552307722 0.7064265089768499 0.8539627041549583 1.0 1.2936436749884062
1590    0.38898282403284024 0.55556468415535 0.7076243604479592 0.8546149822039323 1.0 1.2920627569811878
1600    0.3908079414473001 0.5571631270433828 0.7088097820111585 0.8552598867702765 1.0 1.2905028262772704
1610    0.392619687899265 0.5587469732500083 0.7099829599506405 0.8558975396531968 1.0 1.288963473614177
1620    0.3944181829046033 0.5603164091448943 0.7111440769428403 0.8565280600201662 1.0 1.287444300193661
1630    0.39620354514268186 0.5618716181661513 0.7122933121423374 0.8571515644775248 1.0 1.2859449173505042
1640    0.3979758924449726 0.5634127808732045 0.7134308412653106 0.8577681671387996 1.0 1.2844649462338358
1650    0.3997353417847081 0.5649400749986385 0.7145568366706241 0.8583779796908333 1.0 1.2830040175004112
1660    0.401482009267536 0.5664536754990402 0.7156714674386263 0.8589811114577998 1.0 1.281561771019333
1670    0.4032160101231196 0.5679537546048514 0.7167748994477364 0.8595776694631917 1.0 1.280137855587716
1680    0.40493745869763853 0.5694404818692558 0.7178672954488916 0.8601677584898495 1.0 1.2787319286568244
1690    0.4066464684471441 0.5709140242161163 0.7189488151379263 0.8607514811381107 1.0 1.2773436560682394
1700    0.40834315193172166 0.5723745459869802 0.7200196152259485 0.8613289378821447 1.0 1.2759727117996156
1710    0.4100276208104248 0.5738222089871711 0.7210798495077808 0.861900227124538 1.0 1.2746187777196358
1720    0.41169998583693657 0.5752571725309835 0.7221296689285281 0.8624654452492018 1.0 1.273281543351772
1730    0.41336035685592126 0.5766795934860023 0.7231692216483288 0.8630246866726518 1.0 1.2719607056464777
1740    0.41500884280003214 0.5780896263165557 0.7241986531053547 0.8635780438937284 1.0 1.270655968761474
1750    0.41664555168754036 0.5794874231263285 0.7252181060771067 0.864125607541805 1.0 1.2693670438497848
1760    0.41827059062055005 0.5808731337001449 0.7262277207400674 0.864667466423546 1.0 1.268093648855211
1770    0.4198840657837719 0.5822469055449391 0.7272276347277583 0.8652037075682596 1.0 1.2668355083149336
1780    0.4214860824438227 0.5836088839299328 0.7282179831872521 0.8657344162718975 1.0 1.2655923531689606
1790    0.42307674494902386 0.5849592119260318 0.7291988988341906 0.8662596761397517 1.0 1.2643639205761448
1800    0.42465615672967105 0.5862980304444574 0.7301705120063501 0.8667795691278849 1.0 1.2631499537364983
1810    0.4262244202987507 0.5876254782746304 0.7311329507158043 0.8672941755833503 1.0 1.261950201719569
1820    0.42778163725307555 0.5889416921213221 0.7320863406997232 0.8678035742832326 1.0 1.2607644192986225
1830    0.4293279082748204 0.5902468066410841 0.7330308054698534 0.8683078424725559 1.0 1.2595923667904152
1840    0.43086333313343095 0.5915409544779748 0.7339664663607158 0.8688070559010953 1.0 1.2584338099003292
1850    0.4323880106878882 0.5928242662985967 0.7348934425765652 0.8693012888591285 1.0 1.2572885195726642
1860    0.43390203888930534 0.5940968708264538 0.735811851237141 0.8697906142121672 1.0 1.2561562718458914
1870    0.43540551478383965 0.595358894875651 0.7367218074222553 0.8702751034346962 1.0 1.255036847712669
1880    0.43689853451589933 0.5966104633839405 0.7376234242152434 0.8707548266429573 1.0 1.2539300329844447
1890    0.4383811933316293 0.5978516994451342 0.7385168127453159 0.8712298526268114 1.0 1.252835618160468
1900    0.4398535855826578 0.5990827243408915 0.7394020822288457 0.8717002488807041 1.0 1.251753398301045
1910    0.4413158047300883 0.6003036575718991 0.7402793400096163 0.8721660816337684 1.0 1.2506831729048777
1920    0.44276794334872116 0.6015146168884495 0.741148691598066 0.8726274158790904 1.0 1.2496247457903322
1930    0.44421009313149185 0.6027157183204368 0.7420102407095573 0.8730843154021671 1.0 1.2485779249804922
1940    0.44564234489410853 0.6039070762067754 0.7428640893016952 0.8735368428085799 1.0 1.2475425225918557
1950    0.4470647885798802 0.6050888032242597 0.7437103376107277 0.8739850595509115 1.0 1.2465183547265446
1960    0.4484775132647192 0.6062610104158708 0.7445490841870518 0.87442902595493 1.0 1.2455052413678904
1970    0.44988060716230827 0.6074238072185446 0.7453804259298507 0.8748688012450613 1.0 1.2445030062792832
1980    0.4512741576294187 0.608577301490411 0.7462044581208864 0.8753044435691747 1.0 1.2435114769061575
1990    0.4526582511713714 0.6097215995375164 0.7470212744574755 0.8757360100227042 1.0 1.2425304842810057
2000    0.45403297344762666 0.6108568061400362 0.7478309670846631 0.876163556672121 1.0 1.241559862931311
2010    0.4553984092774987 0.6119830245779955 0.7486336266266297 0.8765871385777869 1.0 1.2405994507902938
2020    0.45675464264597715 0.6131003566564975 0.7494293422173384 0.8770068098161958 1.0 1.2396490891103709
2030    0.458101756709655 0.6142089027304782 0.7502182015304547 0.8774226235016341 1.0 1.2387086223792352
2040    0.45943983380274855 0.6153087617289944 0.751000290808554 0.8778346318072686 1.0 1.237777898238461
2050    0.46076895544320584 0.6164000311790526 0.7517756948916374 0.8782428859856862 1.0 1.2368567674045479
2060    0.46208920233888906 0.6174828072289911 0.7525444972449755 0.8786474363888974 1.0 1.2359450835923174
2070    0.463400654393833 0.6185571846714206 0.7533067799862962 0.8790483324878212 1.0 1.2350427034405809
2080    0.4647033907145636 0.6196232569657388 0.7540626239123387 0.8794456228912694 1.0 1.2341494864400038
2090    0.46599748961647586 0.6206811162602184 0.7548121085247865 0.879839355364443 1.0 1.2332652948630847
2100    0.4672830286302608 0.6217308534136867 0.7555553120555993 0.8802295768469532 1.0 1.2323899936961835
2110    0.4685600845083811 0.622772558016799 0.7562923114917581 0.8806163334703895 1.0 1.231523450573527
2120    0.4698287332315805 0.6238063184129137 0.7570231825994406 0.8809996705754346 1.0 1.2306655357131204
2130    0.47108905001543194 0.6248322217185831 0.7577479999476416 0.881379632728556 1.0 1.2298161218545094
2140    0.4723411093169126 0.6258503538436618 0.7584668369312523 0.8817562637382717 1.0 1.228975084198326
2150    0.47358498484100053 0.6268607995110401 0.7591797657936142 0.882129606671011 1.0 1.2281423003475533
2160    0.4748207495472946 0.6278636422760177 0.7598868576485615 0.8824997038665832 1.0 1.227317650250469
2170    0.47604847565664554 0.6288589645453138 0.7605881825019637 0.8828665969532574 1.0 1.2265010161451908
2180    0.4772682346577996 0.6298468475957316 0.7612838092727848 0.8832303268624744 1.0 1.2256922825057888
2190    0.4784800973140482 0.6308273715924753 0.7619738058136661 0.8835909338431931 1.0 1.2248913359899039
2200    0.4796841336698796 0.6318006156071331 0.7626582389310534 0.8839484574758883 1.0 1.2240980653878264
2210    0.4808804130576316 0.6327666576353298 0.7633371744048704 0.8843029366862054 1.0 1.2233123615729888
2220    0.4820690041041374 0.6337255746140548 0.7640106770077584 0.8846544097582821 1.0 1.2225341174538225
2230    0.48324997473736847 0.6346774424386762 0.7646788105238909 0.8850029143477531 1.0 1.2217632279269446
2240    0.48442339219306263 0.6356223359796421 0.7653416377673695 0.8853484874944337 1.0 1.2209995898316175
2250    0.48558932302134133 0.636560329098879 0.7659992206002203 0.8856911656347055 1.0 1.2202431019054558
2260    0.48674783309331116 0.6374914946658906 0.7666516199499913 0.8860309846136019 1.0 1.21949366474133
2270    0.48789898760764655 0.6384159045735679 0.7672988958269711 0.8863679796966087 1.0 1.2187511807454383
2280    0.4890428510971517 0.6393336297537093 0.7679411073410292 0.8867021855811831 1.0 1.2180155540965023
2290    0.4901794874352994 0.640244740192262 0.7685783127180917 0.8870336364079991 1.0 1.217286690706053
2300    0.49130895984274514 0.6411493049442879 0.7692105693162654 0.887362365771934 1.0 1.2165644981797819
2310    0.49243133089381486 0.6420473921486609 0.7698379336416089 0.8876884067327897 1.0 1.2158488857799081
2320    0.49354666252296153 0.6429390690424992 0.7704604613635702 0.888011791825771 1.0 1.2151397643885484
2330    0.49465501603119266 0.6438244019753379 0.7710782073300926 0.8883325530717137 1.0 1.2144370464720435
2340    0.4957564520924655 0.6447034564230498 0.7716912255823976 0.8886507219870808 1.0 1.2137406460462217
2350    0.496851030760048 0.645576297001516 0.7722995693694582 0.8889663295937266 1.0 1.2130504786425707
2360    0.4979388114728437 0.6464429874800526 0.7729032911621607 0.8892794064284341 1.0 1.2123664612752791
2370    0.4990198530616808 0.6473035907945993 0.7735024426671719 0.8895899825522366 1.0 1.2116885124091423
2380    0.5000942137555635 0.6481581690606727 0.7740970748405134 0.8898980875595263 1.0 1.2110165519282814
2390    0.5011619511878818 0.6490067835860898 0.7746872379008505 0.8902037505869536 1.0 1.2103505011056737
2400    0.5022231224025855 0.6498494948834671 0.7752729813425073 0.8905070003221289 1.0 1.2096902825734572
2410    0.5032777838603126 0.6506863626824992 0.7758543539482077 0.8908078650121246 1.0 1.2090358202939906
2420    0.5043259914444768 0.6515174459420174 0.7764314038015513 0.8911063724717854 1.0 1.2083870395316416
2430    0.5053678004673138 0.6523428028618417 0.7770041782992366 0.891402550091858 1.0 1.207743866825295
2440    0.5064032656758813 0.6531624908944204 0.7775727241630275 0.8916964248469335 1.0 1.207106229961544
2450    0.5074324412580156 0.6539765667562657 0.7781370874514751 0.8919880233032144 1.0 1.2064740579485533
2460    0.5084553808482422 0.6547850864391922 0.7786973135714018 0.8922773716261136 1.0 1.2058472809905736
2470    0.509472137533642 0.6555881052213566 0.7792534472891487 0.8925644955876804 1.0 1.2052258304630887
2480    0.5104827638596693 0.656385677678105 0.7798055327415949 0.8928494205738662 1.0 1.2046096388885759
2490    0.5114873118359232 0.657177857692633 0.780353613446954 0.8931321715916309 1.0 1.2039986399128604
2500    0.5124858329418732 0.657964698466459 0.7808977323153513 0.8934127732758923 1.0 1.2033927682820533
2510    0.513478378132535 0.6587462525297179 0.7814379316591905 0.8936912498963281 1.0 1.2027919598200487
2520    0.5144649978440986 0.6595225717512752 0.7819742532033084 0.8939676253640259 1.0 1.2021961514065702
2530    0.5154457419995092 0.6602937073486671 0.7825067380949289 0.8942419232379912 1.0 1.2016052809557445
2540    0.5164206600139972 0.6610597098978689 0.7830354269134185 0.8945141667315186 1.0 1.2010192873951995
2550    0.5173898008005625 0.6618206293428979 0.7835603596798468 0.8947843787184214 1.0 1.200438110645656
2560    0.5183532127754042 0.6625765150052466 0.7840815758663569 0.8950525817391312 1.0 1.1998616916010127
2570    0.519310943863308 0.6633274155931596 0.7845991144053519 0.8953187980066651 1.0 1.1992899721089039
2580    0.5202630415029781 0.6640733792107494 0.7851130136984998 0.89558304941247 1.0 1.1987228949517197
2590    0.5212095526523224 0.664814453366956 0.785623311625562 0.8958453575321405 1.0 1.1981604038280753
2600    0.5221505237936881 0.6655506849843563 0.7861300455530464 0.8961057436310146 1.0 1.197602443334714
2610    0.5230860009390469 0.666282120407822 0.7866332523426957 0.8963642286696573 1.0 1.1970489589488384
2620    0.5240160296351306 0.6670088054130311 0.7871329683598062 0.8966208333092243 1.0 1.1964998970108516
2630    0.5249406549685175 0.6677307852148359 0.787629229481388 0.8968755779167156 1.0 1.1959552047075042
2640    0.5258599215706692 0.6684481044754891 0.7881220711041671 0.897128482570121 1.0 1.1954148300554273
2650    0.5267738736229173 0.6691608073127325 0.7886115281524306 0.8973795670634573 1.0 1.1948787218850503
2660    0.5276825548614015 0.669868937307747 0.789097635085724 0.897628850911702 1.0 1.1943468298248865
2670    0.5285860085819574 0.6705725375129723 0.7895804259063988 0.8978763533556248 1.0 1.1938191042861797
2680    0.5294842776449566 0.671271650459794 0.7900599341670174 0.8981220933665223 1.0 1.193295496447903
2690    0.530377404480096 0.6719663181661011 0.7905361929776155 0.8983660896508525 1.0 1.1927759582420963
2700    0.5312654310911392 0.6726565821437208 0.7910092350128266 0.8986083606547779 1.0 1.1922604423395409
2710    0.5321483990606101 0.6733424834057247 0.7914790925188729 0.8988489245686141 1.0 1.191748902135752
2720    0.5330263495544353 0.6740240624736189 0.7919457973204208 0.8990877993311892 1.0 1.1912412917372912
2730    0.5338993233265421 0.6747013593844103 0.7924093808273127 0.899325002634116 1.0 1.190737565948386
2740    0.5347673607234049 0.6753744136975586 0.7928698740411657 0.899560551925977 1.0 1.1902376802578452
2750    0.5356305016885455 0.6760432645018127 0.7933273075618518 0.8997944644164247 1.0 1.1897415908262667
2760    0.5364887857669862 0.676707950421934 0.7937817115938545 0.9000267570802034 1.0 1.189249254473533
2770    0.5373422521096547 0.6773685096253099 0.7942331159525086 0.9002574466610869 1.0 1.1887606286665786
2780    0.5381909394777422 0.678024979828458 0.794681550070122 0.9004865496757407 1.0 1.1882756715074285
2790    0.5390348862470158 0.6786773983034243 0.7951270430019858 0.9007140824175055 1.0 1.1877943417214998
2800    0.5398741304120821 0.6793258018840761 0.7955696234322738 0.9009400609601096 1.0 1.187316598646158
2810    0.5407087095906083 0.679970226972293 0.7960093196798316 0.9011645011613038 1.0 1.1868424022195265
2820    0.5415386610274936 0.6806107095440561 0.7964461597038595 0.9013874186664275 1.0 1.1863717129695317
2830    0.5423640215989984 0.6812472851554392 0.7968801711094943 0.9016088289119056 1.0 1.1859044920031945
2840    0.5431848278168259 0.6818799889485021 0.797311381153285 0.9018287471286764 1.0 1.1854407009961443
2850    0.54400111583216 0.682508855657089 0.7977398167485721 0.9020471883455518 1.0 1.1849803021823653
2860    0.5448129214396598 0.6831339196125328 0.7981655044707667 0.9022641673925148 1.0 1.1845232583441585
2870    0.545620280081407 0.6837552147492671 0.7985884705625367 0.902479698903952 1.0 1.1840695328023176
2880    0.5464232268508129 0.6843727746103501 0.7990087409388966 0.9026937973218229 1.0 1.1836190894065168
2890    0.5472217964964788 0.6849866323528947 0.7994263411922069 0.9029064768987699 1.0 1.1831718925258987
2900    0.5480160234260164 0.6855968207534191 0.7998412965970857 0.9031177517011695 1.0 1.182727907039867
2910    0.548805941709823 0.6862033722131043 0.8002536321152274 0.9033276356121229 1.0 1.1822870983290654
2920    0.5495915850848145 0.6868063187629722 0.8006633724001398 0.9035361423343908 1.0 1.1818494322665498
2930    0.5503729869581199 0.6874056920689807 0.8010705418017967 0.9037432853932746 1.0 1.181414875209149
2940    0.5511501804107283 0.6880015234370352 0.8014751643712035 0.9039490781394394 1.0 1.1809833939889955
2950    0.5519231982010999 0.688593843817925 0.8018772638648876 0.9041535337516864 1.0 1.1805549559052428
2960    0.5526920727687328 0.6891826838121762 0.8022768637493053 0.9043566652396726 1.0 1.1801295287159472
2970    0.5534568362376915 0.6897680736748327 0.8026739872051728 0.9045584854465798 1.0 1.1797070806301195
2980    0.5542175204200935 0.690350043320159 0.803068657131721 0.9047590070517328 1.0 1.1792875802999419
2990    0.5549741568195575 0.6909286223262698 0.8034608961508757 0.9049582425731708 1.0 1.1788709968131394
3000    0.5557267766346117 0.691503839939687 0.8038507266113648 0.9051562043701687 1.0 1.178457299685514
