 100    1.7850381456820453e-05 0.0004962194884119007 0.0045611225557264535 0.025211850875231624 0.10321850494032404 1.0
 110    3.909158719415946e-05 0.0008561068288310069 0.006711546961506485 0.03282183778853634 0.12145303899714975 1.0
 120    7.618806279528493e-05 0.0013617006857969325 0.009322905761060908 0.041075499263520665 0.13946230121750372 1.0
 130    0.00013548942400693867 0.0020319562818816818 0.01237724563352552 0.049836801217469064 0.1571073865674333 1.0
 140    0.00022390251389695786 0.0028810846543630216 0.01584756269837599 0.05898742995688955 0.17430155625014257 1.0
 150    0.00034855494399055494 0.003918681475085385 0.019701572463461495 0.06842671446378826 0.19099377763023884 1.0
 160    0.0005164929834714536 0.005150152306106017 0.023904466808255594 0.07807015654435179 0.2071572734961392 1.0
 170    0.0007344342485210558 0.006577279185518655 0.028420833319906427 0.0878474573999025 0.2227816587555997 1.0
 180    0.0010085814672754505 0.008198826808896373 0.03321593371931806 0.09770048901196601 0.23786756120193717 1.0
 190    0.0013444947056459999 0.01001112772568024 0.03825651426735468 0.1075814139879235 0.2524229374399408 1.0
 200    0.001747014731413563 0.012008614445118667 0.04351128494599125 0.11745102937033447 0.26646054058799407 1.0
 210    0.0022202283398225597 0.01418428462150573 0.04895116977614648 0.1272773469421646 0.2799961717937707 1.0
 220    0.002767466347443735 0.016530096469059122 0.05454940240662922 0.13703439432483897 0.29304746790783853 1.0
 230    0.0033913257802974175 0.019037297678297566 0.06028151958185851 0.14670121063387545 0.3056330585703415 1.0
 240    0.004093709014926596 0.021696694153319502 0.0661252893098945 0.15626100846624 0.3177719799360924 1.0
 250    0.00487587396435036 0.02449886607898144 0.0720605992309023 0.165700475784368 0.3294832682126374 1.0
 260    0.005738490663702062 0.027434338948793165 0.07806932267007102 0.17500919445289098 0.34078568020502303 1.0
 270    0.006681700721878533 0.030493716733971707 0.08413517422520526 0.18417915564414497 0.35169750420843476 1.0
 280    0.007705177038202381 0.03366778365266166 0.09024356279774341 0.19320435556402765 0.3622364355362888 1.0
 290    0.008808181939042746 0.036947580182596536 0.09638144722797352 0.20208045778152847 0.37241949846515204 1.0
 300    0.009989622485392188 0.04032445814953811 0.1025371977862973 0.21080451084119728 0.3822630015632361 1.0
 310    0.011248102161293237 0.0437901189693358 0.10870046545292254 0.2193747118288589 0.39178251699729927 1.0
 320    0.01258196849842601 0.04733663844673991 0.11486206001310209 0.22779020820007276 0.40099287697952807 1.0
 330    0.013989356446173318 0.050956480946160114 0.12101383738093732 0.23605093152450388 0.4099081823513226 1.0
 340    0.015468227478397252 0.054642505246330776 0.1271485961552942 0.2441574578992781 0.4185418196264763 1.0
 350    0.01701640455425218 0.058387963965676346 0.13325998314550774 0.25211089068509057 0.4269064837823905 1.0
 360    0.018631603133929454 0.062186498089434966 0.1393424074391239 0.25991276195741514 0.4350142047978706 1.0
 370    0.020311458501938273 0.06603212783419049 0.14539096248835845 0.267564949671973 0.4428763764613156 1.0
 380    0.022053549678772988 0.06991924084162823 0.15140135564453047 0.2750696080432712 0.45050378636403243 1.0
 390    0.023855420213120943 0.07384257849306021 0.15736984455503533 0.2824291090473812 0.45790664628566036 1.0
 400    0.025714596146127665 0.0777972209724767 0.1632931798445163 0.2896459933012403 0.46509462239793203 1.0
 410    0.027628601430446396 0.0817785715724369 0.1691685535230399 0.2967229288535646 0.47207686487779865 1.0
 420    0.029594971072690136 0.08578234062876926 0.17499355259382715 0.30366267665744406 0.47886203664492416 1.0
 430    0.03161126225057017 0.08980452938239492 0.18076611736763076 0.310468061690344 0.48545834103175334 1.0
 440    0.033675063636966936 0.09384141399590899 0.186484504027549 0.31714194885046415 0.49187354826425667 1.0
 450    0.03578400314352352 0.09788952989577719 0.1921472510251427 0.32368722289484736 0.4981150206836707 1.0
 460    0.03793575427683756 0.10194565656557737 0.19775314892499046 0.3301067717988862 0.5041897366782848 1.0
 470    0.04012804128146358 0.10600680287953178 0.2033012133495111 0.336403473012713 0.5101043133228029 1.0
 480    0.0423586432260562 0.11007019303690876 0.20879066070857064 0.3425801821704923 0.5158650277434487 1.0
 490    0.04462539717227884 0.11413325313529682 0.214220886428806 0.3486397238764011 0.5214778372416585 1.0
 500    0.046926200550673085 0.11819359840311353 0.21959144542566844 0.3545848842482033 0.52694839821934 1.0
 510    0.04925901285356118 0.1222490210980492 0.22490203458690372 0.36041840494753513 0.5322820839553599 1.0
 520    0.051621856742223984 0.1262974790676911 0.2301524770596274 0.366142978466764 0.5374840012870082 1.0
 530    0.054012818654008 0.13033708496069127 0.2353427081544188 0.37176124447677167 0.5425590062523241 1.0
 540    0.056430048984604804 0.13436609607101932 0.24047276269909956 0.3772757870692313 0.5475117187498385 1.0
 550    0.058871761911431605 0.13838290479365628 0.2455427636922074 0.3826891327517368 0.5523465362719057 1.0
 560    0.06133623491573877 0.14238602966720892 0.2505529121217997 0.38800374907520274 0.5570676467666339 1.0
 570    0.06382180805369485 0.1463741069770646 0.2555034778292464 0.3932220437908441 0.5616790406817191 1.0
 580    0.06632688302016229 0.1503458828916576 0.26039479131026183 0.39834636444928373 0.566184522241413 1.0
 590    0.06884992204310243 0.1543002061039902 0.2652272363567152 0.4033789983673102 0.5705877200055464 1.0
 600    0.0713894466414537 0.15823602095060213 0.2700012434528521 0.40832217289886746 0.5748920967570759 1.0
 610    0.07394403627484507 0.1621523609805967 0.27471728384861194 0.4131780559562934 0.5791009587621181 1.0
 620    0.07651232690956931 0.16604834294801638 0.2793758642408107 0.4179487567358842 0.5832174644439142 1.0
 630    0.07909300952178877 0.16992316120173706 0.2839775220001891 0.42263632660874 0.5872446325096914 1.0
 640    0.08168482855592445 0.17377608244806964 0.28852282088879866 0.4272427601437307 0.5911853495669754 1.0
 650    0.08428658035353759 0.17760644086235566 0.2930123472179711 0.4317699962344481 0.595042377263574 1.0
 660    0.08689711156570973 0.1814136335270076 0.2974467064022862 0.4362199193063133 0.5988183589832259 1.0
 670    0.08951531755991901 0.18519711617462115 0.3018265198695748 0.4405943605836904 0.6025158261267888 1.0
 680    0.09214014083066376 0.18895639921597077 0.30615242229111445 0.4448950994000006 0.6061372040068248 1.0
 690    0.09477056942156943 0.1926910440338726 0.3104250590998735 0.44912386453653397 0.6096848173815571 1.0
 700    0.09740563536539898 0.19640065952503682 0.3146450842679578 0.4532823355779529 0.6131608956523734 1.0
 710    0.10004441314724989 0.20008489887313902 0.3188131583173668 0.4573721442744617 0.6165675777473978 1.0
 720    0.1026860181952376 0.20374345653740494 0.3229299465408081 0.4613948759022963 0.6199069167120719 1.0
 730    0.10532960540211908 0.20737606544201845 0.3269961174116851 0.46535207061563505 0.6231808840262353 1.0
 740    0.1079743676805808 0.21098249435263058 0.33101234116448613 0.469245224784261 0.6263913736658303 1.0
 750    0.1106195345542897 0.21456254542716313 0.3349792885287039 0.47307579231235447 0.6295402059260771 1.0
 760    0.11326437078627312 0.21811605192896846 0.33889762960110803 0.47684518593469594 0.6326291310218009 1.0
 770    0.11590817504573411 0.22164287609122002 0.3427680328427181 0.48055477848731937 0.6356598324794773 1.0
 780    0.11855027861402352 0.2251429071221746 0.34659116418818875 0.4842059041503 0.6386339303345498 1.0
 790    0.121190044130159 0.2286160593416656 0.3503676862565404 0.4877998596609203 0.6415529841466207 1.0
 800    0.12382686437600736 0.2320622704398593 0.35409825765327274 0.49133790549591816 0.6444184958442444 1.0
 810    0.12646016110101083 0.23548149984993033 0.3577835323548762 0.4948212670219121 0.6472319124102222 1.0
 820    0.12908938388614716 0.23887372722690178 0.361424159167648 0.4982511356134343 0.6499946284175528 1.0
 830    0.13171400904665262 0.2422389510254402 0.36502078125351206 0.5016286697382829 0.6527079884254813 1.0
 840    0.13433353857290467 0.24557718716990184 0.36857403571625746 0.5049549960101237 0.6553732892444413 1.0
 850    0.13694749910875662 0.24888846781040141 0.37208455324225126 0.5082312102084815 0.6579917820780778 1.0
 860    0.13955544096653072 0.2521728401591144 0.37555295779026243 0.5114583782664055 0.6605646745499814 1.0
 870    0.14215693717780986 0.25543036540142955 0.3789798663255495 0.514637537226233 0.663093132622237 1.0
 880    0.14475158257911724 0.25866111767695094 0.38236588859383847 0.517769696163975 0.6655782824124172 1.0
 890    0.14733899293153632 0.2618651831256991 0.3857116269312339 0.5208558370829377 0.6680212119151949 1.0
 900    0.1499188040732969 0.2650426589951862 0.3890176761064887 0.5238969157772506 0.6704229726343365 1.0
 910    0.15249067110433775 0.26819365280434715 0.392284623192401 0.5268938626660374 0.6727845811304539 1.0
 920    0.15505426760184682 0.27131828156058585 0.395513047463414 0.5298475835989896 0.6751070204895336 1.0
 930    0.15760928486578044 0.2744166710264587 0.39870352031677453 0.5327589606341395 0.6773912417169273 1.0
 940    0.16015543119336675 0.277488955032759 0.4018566052148577 0.5356288527886454 0.6796381650611848 1.0
 950    0.16269243118160645 0.2805352748349898 0.4049728576464894 0.5384580967634071 0.6818486812718177 1.0
 960    0.16522002505680042 0.28355577851042113 0.4080528251053084 0.541247507642343 0.6840236527948192 1.0
 970    0.16773796803014662 0.2865506203931201 0.41109704708339057 0.543997879567148 0.6861639149095172 1.0
 980    0.17024602967847016 0.2895199605445218 0.4141060550785279 0.5467099863883526 0.6882702768101082 1.0
 990    0.17274399334917023 0.2924639642572751 0.41708037261370545 0.5493845822934919 0.6903435226350038 1.0
1000    0.17523165558849077 0.29538280159025004 0.4200205152674578 0.5520224024131776 0.692384412446925 1.0
1010    0.17770882559224424 0.2982766469327387 0.42292699071390816 0.5546241634058539 0.6943936831664873 1.0
1020    0.18017532467814507 0.3011456785960112 0.4258002987714087 0.5571905640220025 0.6963720494618626 1.0
1030    0.1826309857789312 0.3039900784305148 0.4286409314587984 0.5597222856485347 0.6983202045969189 1.0
1040    0.18507565295548067 0.30681003146711616 0.4314493730583944 0.562219992834102 0.7002388212401158 1.0
1050    0.187509180929154 0.30960572558089317 0.434226100184905 0.5646843337960243 0.7021285522362726 1.0
1060    0.1899314346326185 0.3123773511760819 0.43697158185953816 0.5671159409095183 0.7039900313432075 1.0
1070    0.1923422887784394 0.31512510089087736 0.43968627958864664 0.5695154311798916 0.7058238739351225 1.0
1080    0.19474162744474124 0.31784916932086793 0.442370647446304 0.5718834066983329 0.7076306776744906 1.0
1090    0.19712934367727608 0.32054975275996694 0.4450251321602786 0.5742204550819288 0.7094110231541088 1.0
1100    0.19950533910725107 0.3232270489577757 0.44765017320090583 0.5765271498984894 0.7111654745108577 1.0
1110    0.20186952358429955 0.32588125689238273 0.450246202872422 0.5788040510767708 0.712894580012652 1.0
1120    0.204221814823995 0.3285125765576653 0.45281364640635324 0.5810517053026389 0.714598872619941 1.0
1130    0.20656213806933743 0.33112120876422213 0.45535292205659783 0.5832706464017141 0.7162788705230649 1.0
1140    0.20889042576565806 0.3337073549531172 0.4578644411958739 0.5854613957090049 0.7179350776566907 1.0
1150    0.21120661724841197 0.3362712170216725 0.4603486084132366 0.5876244624260337 0.7195679841924719 1.0
1160    0.2135106584433491 0.33881299716058655 0.4628058216123945 0.5897603439659181 0.7211780670110234 1.0
1170    0.2158025015785731 0.3413328977017103 0.46523647211058894 0.5918695262868754 0.7227657901542327 1.0
1180    0.2180821049080164 0.34383112097584556 0.46764094473781176 0.5939524842145788 0.72433160525887 1.0
1190    0.2203494324458812 0.34630786917997614 0.47001961793617386 0.5960096817537965 0.7258759519724157 1.0
1200    0.22260445371160867 0.34876334425337224 0.47237286385924243 0.5980415723897092 0.7273992583519578 1.0
1210    0.22484714348496312 0.3511977477620512 0.4747010484711922 0.6000485993793019 0.7289019412469775 1.0
1220    0.2270774815708287 0.3536112807910993 0.4770045316456295 0.602031196033198 0.7303844066667879 1.0
1230    0.22929545257333314 0.35600414384439594 0.47928366726396 0.6039897859882954 0.7318470501333537 1.0
1240    0.23150104567893265 0.3583765367513094 0.48153880331319066 0.6059247834715491 0.7332902570201792 1.0
1250    0.23369425444810063 0.36072865857995356 0.48377028198306204 0.6078365935552263 0.7347144028779088 1.0
1260    0.23587507661528326 0.3630607075566259 0.48597843976242466 0.6097256124039553 0.7361198537472627 1.0
1270    0.2380435138967929 0.3653728809910653 0.48816360753477905 0.611592227513867 0.7375069664598852 1.0
1280    0.24019957180632845 0.36766537520719195 0.4903261106729067 0.613436817944123 0.7388760889276553 1.0
1290    0.2423432594778213 0.3699383854790101 0.49246626913253805 0.6152597545411079 0.7402275604209865 1.0
1300    0.24447458949531842 0.37219210597137414 0.4945843975449955 0.6170614001555567 0.7415617118366092 1.0
1310    0.24659357772962567 0.37442672968533425 0.49668080530877046 0.6188421098528689 0.7428788659553018 1.0
1320    0.2487002431814475 0.3766424484077987 0.4987557966799927 0.6206022311168634 0.7441793376900232 1.0
1330    0.2507946078307649 0.37883945266525704 0.5008096708617561 0.6223421040472046 0.7454634343248605 1.0
1340    0.25287669649221006 0.3810179316813334 0.5028427220922743 0.6240620615507305 0.7467314557451997 1.0
1350    0.2549465366762014 0.3831780733379431 0.5048552397318398 0.6257624295269022 0.747983694659499 1.0
1360    0.2570041584556133 0.3853200641398449 0.5068475083485667 0.6274435270475776 0.7492204368130236 1.0
1370    0.25904959433776603 0.38744408918238965 0.5088198078029028 0.6291056665313205 0.7504419611938897 1.0
1380    0.26108287914152517 0.3895503321222811 0.5107724133308961 0.630749153912428 0.7516485402317419 1.0
1390    0.26310404987931413 0.39163897515116675 0.5127055956262072 0.6323742888048691 0.7528404399893759 1.0
1400    0.26511314564384647 0.39371019897190135 0.5146196209208622 0.6339813646613083 0.7540179203476025 1.0
1410    0.2671102074993958 0.3957641827773179 0.5165147510647428 0.6355706689273865 0.7551812351836344 1.0
1420    0.2690952783774241 0.39780110423136333 0.5183912436038073 0.6371424831914241 0.7563306325432629 1.0
1430    0.27106840297640344 0.3998211394524573 0.5202493518570532 0.6386970833297044 0.7574663548070789 1.0
1440    0.27302962766566286 0.40182446299893937 0.5220893249922104 0.6402347396474835 0.7585886388509826 1.0
1450    0.2749790003931101 0.4038112478564884 0.5239114081001863 0.641755717015884 0.759697716201216 1.0
1460    0.2769165705966721 0.40578166542738325 0.5257158422682499 0.6432602750047981 0.7607938131841291 1.0
1470    0.27884238911931636 0.40773588552150825 0.5275028646519822 0.6447486680119493 0.7618771510709048 1.0
1480    0.2807565081275094 0.40967407634898567 0.5292727085459838 0.6462211453882297 0.7629479462174292 1.0
1490    0.28265898103298187 0.4115964045143431 0.5310256034533608 0.6476779515594439 0.7640064101995073 1.0
1500    0.2845498624176734 0.41350303501212216 0.5327617751539988 0.6491193261445822 0.7650527499436056 1.0
1510    0.28642920796173194 0.4153941312238337 0.5344814457716281 0.6505455040707272 0.7660871678532898 1.0
1520    0.28829707437445223 0.4172698549161838 0.536184833839707 0.65195671568472 0.7671098619315367 1.0
1530    0.2901535193280378 0.4191303662404842 0.5378721543661206 0.6533531868616764 0.7681210258990636 1.0
1540    0.29199860139408057 0.42097582373317827 0.5395436188967222 0.6547351391104708 0.7691208493088425 1.0
1550    0.29383237998264994 0.4228063843174063 0.5411994355777239 0.6561027896762748 0.7701095176569323 1.0
1560    0.29565491528389354 0.42462220330554723 0.5428398092169523 0.6574563516402533 0.7710872124897746 1.0
1570    0.2974662682120523 0.42642343440267216 0.5444649413439875 0.6587960340165068 0.7720541115080858 1.0
1580    0.29926650035179625 0.42821022971084893 0.5460750302691976 0.6601220418463467 0.7730103886674684 1.0
1590    0.3010556739067929 0.42998273973424256 0.5476702711416842 0.6614345762899931 0.7739562142758672 1.0
1600    0.30283385165042115 0.4317411133849572 0.5492508560061592 0.6627338347157715 0.7748917550879857 1.0
1610    0.3046010968785506 0.43348549798957065 0.550816973858763 0.6640200107868929 0.7758171743967728 1.0
1620    0.306357473364303 0.4352160392963097 0.552368810701844 0.6652932945458881 0.7767326321220864 1.0
1630    0.3081030453147244 0.4369328814828268 0.5539065495977157 0.6665538724967759 0.7776382848966419 1.0
1640    0.30983787732929025 0.43863616716453047 0.5554303707214063 0.6678019276850266 0.7785342861493324 1.0
1650    0.31156203436017693 0.44032603740343124 0.5569404514124174 0.6690376397754016 0.7794207861860257 1.0
1660    0.31327558167422853 0.4420026317174648 0.5584369662255085 0.6702611851277214 0.7802979322679207 1.0
1670    0.31497858481655605 0.4436660880902563 0.5599200869805248 0.6714727368706368 0.7811658686875534 1.0
1680    0.31667110957570554 0.44531654298129086 0.5613899828112816 0.6726724649734575 0.7820247368425347 1.0
1690    0.31835322195033466 0.4469541313364588 0.5628468202135244 0.6738605363160992 0.7828746753070946 1.0
1700    0.3200249881173397 0.4485789865989458 0.5642907630919802 0.6750371147572094 0.7837158199015187 1.0
1710    0.3216864744013792 0.45019124072043804 0.5657219728065147 0.6762023612005196 0.7845483037595412 1.0
1720    0.32333774724573655 0.4517910241726139 0.5671406082174113 0.6773564336594855 0.7853722573937664 1.0
1730    0.3249788731844744 0.4533784659589018 0.5685468257297901 0.6784994873202603 0.786187808759192 1.0
1740    0.3266099188158279 0.45495369362647203 0.5699407793371807 0.6796316746030555 0.7869950833148912 1.0
1750    0.3282309507767917 0.4565168332784479 0.5713226206642623 0.6807531452219304 0.7877942040839203 1.0
1760    0.3298420357188521 0.45806800958630783 0.5726924990087912 0.6818640462430644 0.7885852917115102 1.0
1770    0.3314432402848226 0.4596073458024617 0.5740505613827257 0.6829645221415527 0.7893684645216001 1.0
1780    0.333034631086739 0.46113496377298285 0.5753969525525671 0.6840547148567665 0.7901438385717686 1.0
1790    0.33461627468477306 0.46265098395047366 0.5767318150789289 0.685134763846326 0.790911527706612 1.0
1800    0.3361882375671268 0.4641555254070517 0.5780552893553512 0.6862048061387184 0.7916716436096286 1.0
1810    0.33775058613086734 0.4656487058474379 0.5793675136463721 0.6872649763846076 0.7924242958536493 1.0
1820    0.33930338666366816 0.4671306416221335 0.5806686241248711 0.6883154069068681 0.7931695919498675 1.0
1830    0.34084670532641986 0.46860144774066886 0.5819587549087007 0.6893562277493814 0.7939076373955123 1.0
1840    0.3423806081366777 0.47006123788491216 0.5832380380966146 0.6903875667246312 0.7946385357202079 1.0
1850    0.3439051609529141 0.4715101244224276 0.5845066038035135 0.6914095494601292 0.7953623885310643 1.0
1860    0.3454204294595423 0.4729482184198649 0.5857645801950129 0.6924222994437077 0.7960792955565347 1.0
1870    0.34692647915268415 0.4743756296563763 0.5870120935213546 0.6934259380677076 0.7967893546890842 1.0
1880    0.34842337532665124 0.4757924666370453 0.5882492681506686 0.6944205846720949 0.797492662026706 1.0
1890    0.34991118306111224 0.47719883660631923 0.5894762266016002 0.6954063565865357 0.7981893119133177 1.0
1900    0.3513899672089195 0.47859484556143617 0.5906930895753163 0.6963833691714583 0.798879396978079 1.0
1910    0.35285979238456827 0.4799805982658375 0.5918999759868994 0.6973517358581286 0.7995630081736586 1.0
1920    0.35432072295326555 0.4813561982625579 0.5930970029961453 0.6983115681877702 0.8002402348134875 1.0
1930    0.3557728230205834 0.4827217478875847 0.5942842860377742 0.6992629758497518 0.8009111646080271 1.0
1940    0.35721615642267307 0.4840773482831805 0.5954619388510652 0.7002060667188695 0.8015758837000849 1.0
1950    0.35865078671701967 0.4854230994111605 0.5966300735089292 0.7011409468917467 0.8022344766992022 1.0
1960    0.36007677717371434 0.4867591000661206 0.5977888004464293 0.7020677207223779 0.8028870267151493 1.0
1970    0.36149419076722505 0.4880854478886092 0.5989382284887604 0.7029864908568401 0.8035336153905493 1.0
1980    0.3629030901686438 0.4894022393782359 0.6000784648786955 0.7038973582671888 0.8041743229326589 1.0
1990    0.36430353773839486 0.49070956990671644 0.6012096153035166 0.7048004222845701 0.8048092281443326 1.0
2000    0.3656955955193809 0.4920075337308418 0.6023317839214304 0.7056957806315575 0.8054384084541921 1.0
2010    0.3670793252305554 0.49329622400537626 0.6034450733874909 0.7065835294537478 0.8060619399460272 1.0
2020    0.3684547882608983 0.4945757327958725 0.6045495848790268 0.7074637633506239 0.8066798973874502 1.0
2030    0.3698220456637828 0.4958461510914033 0.6056454181205924 0.7083365754057115 0.8072923542578251 1.0
2040    0.3711811581517158 0.4971075688172077 0.6067326714084468 0.7092020572160448 0.8078993827754933 1.0
2050    0.37253218609143834 0.4983600748472456 0.6078114416345741 0.7100602989209606 0.8085010539243165 1.0
2060    0.3738751894993674 0.4996037570166595 0.6088818243102507 0.7109113892302384 0.8090974374795563 1.0
2070    0.37521022803737225 0.5008387021341405 0.6099439135891698 0.7117554154516028 0.8096886020331127 1.0
2080    0.37653736100886387 0.5020649959941954 0.6109978022901331 0.7125924635176051 0.8102746150181326 1.0
2090    0.3778566473551907 0.5032827233893138 0.6120435819193182 0.7134226180119027 0.8108555427330163 1.0
2100    0.3791681456523237 0.5044919681220323 0.613081342692128 0.7142459621949453 0.8114314503648317 1.0
2110    0.3804719141078233 0.5056928130168942 0.6141111735546317 0.7150625780290921 0.8120024020121539 1.0
2120    0.3817680105580708 0.506885339932302 0.6151331622046087 0.7158725462031659 0.8125684607073528 1.0
2130    0.3830564924657599 0.5080696297722648 0.6161473951121982 0.7166759461564658 0.813129688438336 1.0
2140    0.38433741691763096 0.5092457624980338 0.6171539575401633 0.7174728561022464 0.8136861461697664 1.0
2150    0.3856108406224427 0.5104138171396296 0.6181529335637842 0.7182633530506817 0.8142378938637721 1.0
2160    0.3868768199091685 0.5115738718072572 0.6191444060903751 0.7190475128313228 0.8147849905001542 1.0
2170    0.38813541072540936 0.5127260037026098 0.6201284568784465 0.7198254101150663 0.8153274940961174 1.0
2180    0.38938666863601273 0.513870289130059 0.6211051665565084 0.7205971184356406 0.8158654617255268 1.0
2190    0.39063064882189036 0.5150068035077315 0.6220746146415282 0.7213627102106273 0.8163989495377102 1.0
2200    0.3918674060790245 0.5161356213784736 0.6230368795570503 0.7221222567620269 0.8169280127758177 1.0
2210    0.3930969948176559 0.5172568164206978 0.623992038650977 0.7228758283363783 0.8174527057947457 1.0
2220    0.39431946906164445 0.518370461459119 0.6249401682130287 0.723623494124447 0.8179730820786455 1.0
2230    0.3955348824479962 0.5194766284753716 0.625881343491879 0.7243653222804901 0.8184891942580179 1.0
2240    0.39674328822654825 0.5205753886185154 0.6268156387119789 0.7251013799411088 0.8190010941264161 1.0
2250    0.3979447392598042 0.5216668122154233 0.6277431270900721 0.7258317332436998 0.8195088326567568 1.0
2260    0.3991392880229161 0.5227509687810561 0.6286638808514089 0.7265564473445135 0.8200124600172587 1.0
2270    0.4003269866038016 0.5238279270286216 0.6295779712456643 0.7272755864363303 0.8205120255870102 1.0
2280    0.40150788670339527 0.5248977548796191 0.630485468562568 0.7279892137657632 0.8210075779711848 1.0
2290    0.402682039636024 0.52596051947377 0.6313864421472475 0.7286973916501955 0.8214991650159076 1.0
2300    0.40384949632990225 0.5270162871788323 0.6322809604152964 0.729400181494365 0.8219868338227816 1.0
2310    0.40501030732774335 0.5280651236003056 0.6331690908675671 0.7300976438065991 0.822470630763089 1.0
2320    0.40616452278747667 0.529107093591018 0.6340509001046984 0.7307898382147124 0.8229506014916683 1.0
2330    0.4073121924830705 0.5301422612606036 0.634926453841379 0.7314768234815728 0.8234267909604815 1.0
2340    0.40845336580545405 0.531170689984867 0.6357958169203555 0.7321586575203475 0.8238992434318774 1.0
2350    0.40958809176353067 0.5321924424150343 0.636659053326188 0.7328353974094293 0.8243680024915545 1.0
2360    0.41071641898528405 0.5332075804868968 0.6375162261987598 0.7335070994070619 0.8248331110612444 1.0
2370    0.41183839571896536 0.5342161654298402 0.6383673978465423 0.7341738189656577 0.8252946114111026 1.0
2380    0.412954069834365 0.535218257775768 0.6392126297596276 0.7348356107458287 0.8257525451718366 1.0
2390    0.4140634888241569 0.536213917367913 0.6400519826225229 0.7354925286301273 0.8262069533465594 1.0
2400    0.4151666998053186 0.5372032033695415 0.6408855163267212 0.7361446257365085 0.8266578763223851 1.0
2410    0.41626374952061795 0.5381861742725518 0.6417132899830462 0.7367919544315195 0.8271053538817723 1.0
2420    0.4173546843401667 0.5391628879059635 0.6425353619337792 0.7374345663432216 0.8275494252136217 1.0
2430    0.4184395502630337 0.5401334014443028 0.6433517897645704 0.7380725123738532 0.8279901289241272 1.0
2440    0.4195183929189184 0.5410977714158833 0.64416263031614 0.7387058427122368 0.8284275030473979 1.0
2450    0.4205912575698777 0.5420560537109805 0.6449679396957714 0.7393346068459357 0.8288615850558488 1.0
2460    0.4216581891121061 0.5430083035899061 0.6457677732886054 0.7399588535731739 0.8292924118703696 1.0
2470    0.42271923207776374 0.5439545756909784 0.646562185768731 0.7405786310145102 0.8297200198702728 1.0
2480    0.4237744306368513 0.5448949240383917 0.6473512311100854 0.7411939866242869 0.8301444449030332 1.0
2490    0.4248238285991272 0.5458294020499861 0.6481349625971606 0.7418049672018496 0.8305657222938185 1.0
2500    0.42586746941606674 0.5467580625449164 0.6489134328355239 0.7424116189025434 0.830983886854818 1.0
2510    0.4269053961828587 0.5476809577512256 0.6496866937621552 0.7430139872484968 0.8313989728943743 1.0
2520    0.4279376516404368 0.5485981393133171 0.6504547966556025 0.74361211713919 0.8318110142259226 1.0
2530    0.4289642781775468 0.5495096582993346 0.6512177921459625 0.7442060528618186 0.8322200441767451 1.0
2540    0.4299853178328412 0.550415565208442 0.6519757302246871 0.744795838101454 0.832626095596537 1.0
2550    0.43100081229700726 0.5513159099780142 0.6527286602542205 0.7453815159510067 0.8330292008657986 1.0
2560    0.4320108029149172 0.5522107419907292 0.6534766309774692 0.7459631289209965 0.8334293919040527 1.0
2570    0.4330153306878072 0.5531001100815716 0.6542196905271087 0.7465407189491317 0.8338267001778892 1.0
2580    0.43401443627547664 0.5539840625447434 0.6549578864347305 0.7471143274097063 0.8342211567088459 1.0
2590    0.43500815999850967 0.554862647140483 0.6556912656398313 0.7476839951228147 0.8346127920811265 1.0
2600    0.43599654184051617 0.5557359111017975 0.6564198744986474 0.7482497623633895 0.835001636449161 1.0
2610    0.43697962145039 0.556603901141105 0.6571437587928399 0.748811668870068 0.8353877195450112 1.0
2620    0.43795743814458354 0.557466663456789 0.6578629637380297 0.749369753853888 0.8357710706856254 1.0
2630    0.4389300309093957 0.5583242437396669 0.658577533992186 0.7499240560068177 0.8361517187799445 1.0
2640    0.43989743840327533 0.5591766871793747 0.6592875136638756 0.7504746135101271 0.8365296923358676 1.0
2650    0.4408596989591333 0.5600240384706651 0.6599929463203686 0.7510214640425968 0.8369050194670735 1.0
2660    0.44181685058666714 0.5608663418196224 0.6606938749956077 0.7515646447885754 0.8372777278997079 1.0
2670    0.44276893097469305 0.5617036409497967 0.661390342198044 0.7521041924458832 0.8376478449789343 1.0
2680    0.4437159774934866 0.5625359791082564 0.6620823899183381 0.7526401432335686 0.8380153976753553 1.0
2690    0.44465802719712927 0.5633633990715572 0.6627700596369341 0.7531725328995206 0.8383804125913068 1.0
2700    0.44559511682586 0.5641859431516362 0.6634533923315029 0.7537013967279352 0.8387429159670237 1.0
2710    0.4465272828084326 0.5650036532016242 0.6641324284842645 0.7542267695466492 0.8391029336866888 1.0
2720    0.4474545612644743 0.5658165706215831 0.6648072080891833 0.7547486857343325 0.8394604912843582 1.0
2730    0.44837698800684733 0.5666247363641637 0.6654777706590476 0.7552671792275496 0.8398156139497711 1.0
2740    0.44929459854401227 0.567428190940191 0.666144155232427 0.7557822835276918 0.8401683265340472 1.0
2750    0.4502074280823907 0.5682269744241737 0.6668064003805161 0.7562940317077796 0.8405186535552711 1.0
2760    0.451115511528728 0.5690211264597386 0.6674645442138643 0.7568024564191423 0.8408666192039688 1.0
2770    0.45201888349245417 0.569810686264995 0.6681186243889926 0.7573075898979739 0.8412122473484762 1.0
2780    0.4529175782880427 0.5705956926378252 0.6687686781149033 0.7578094639717711 0.8415555615402065 1.0
2790    0.4538116299373671 0.5713761839611059 0.6694147421594789 0.7583081100656519 0.8418965850188134 1.0
2800    0.454701072172052 0.5721521982078577 0.6700568528557799 0.7588035592085629 0.8422353407172556 1.0
2810    0.455585938435822 0.5729237729463268 0.6706950461082332 0.7592958420393697 0.8425718512667641 1.0
2820    0.4564662618868437 0.5736909453449988 0.6713293573987243 0.7597849888128417 0.842906139001716 1.0
2830    0.4573420754000631 0.5744537521775439 0.6719598217925865 0.7602710294055257 0.8432382259644112 1.0
2840    0.4582134115695363 0.5752122298276985 0.6725864739444933 0.7607539933215182 0.8435681339097642 1.0
2850    0.4590803027107531 0.5759664142940771 0.673209348104254 0.7612339096981284 0.8438958843099003 1.0
2860    0.4599427808629542 0.576716341194924 0.6738284781225148 0.761710807311447 0.8442214983586704 1.0
2870    0.4608008777914389 0.5774620457727977 0.6744438974563687 0.7621847145818103 0.8445449969760784 1.0
2880    0.4616546249898666 0.5782035628991959 0.6750556391748723 0.7626556595791693 0.8448664008126247 1.0
2890    0.4625040536825468 0.5789409270791149 0.6756637359644749 0.7631236700283648 0.8451857302535699 1.0
2900    0.46334919482672193 0.5796741724555495 0.6762682201343584 0.7635887733143067 0.8455030054231166 1.0
2910    0.46419007911483956 0.5804033328139335 0.6768691236216917 0.7640509964870649 0.8458182461885163 1.0
2920    0.46502673697681457 0.5811284415865188 0.6774664779968022 0.7645103662668686 0.8461314721640986 1.0
2930    0.46585919858228114 0.5818495318566963 0.6780603144682608 0.7649669090490185 0.846442702715223 1.0
2940    0.4666874938428338 0.5825666363632596 0.6786506638878884 0.7654206509087141 0.8467519569621638 1.0
2950    0.46751165241425663 0.5832797875046106 0.6792375567556808 0.765871617605795 0.847059253783917 1.0
2960    0.4683317036987418 0.5839890173429089 0.6798210232246552 0.7663198345894012 0.8473646118219421 1.0
2970    0.46914767684709696 0.5846943576081661 0.6804010931056197 0.7667653270025522 0.8476680494838327 1.0
2980    0.46995960076093823 0.5853958397022839 0.6809777958718664 0.7672081196866459 0.8479695849469205 1.0
2990    0.4707675040948738 0.5860934947030405 0.6815511606637913 0.7676482371858827 0.8482692361618156 1.0
3000    0.4715714152586727 0.5867873533680205 0.6821212162934391 0.7680857037516088 0.8485670208558785 1.0
