 100    1.0 27.798817051178485 255.5196126626019 1412.3984373229416 5782.42572518725 56021.21178300702
 110    1.0 21.900027353172163 171.68775798669117 839.6138439075745 3106.884312318115 25580.95160048673
 120    1.0 17.872887639311447 122.36701418844682 539.133005309366 1830.5006860751241 13125.415758200472
 130    1.0 14.997157872467016 91.35211640497977 367.82798054346165 1159.5546126123286 7380.649872338287
 140    1.0 12.867585112014085 70.77885112834953 263.4513964592472 778.4707425409161 4466.229443320184
 150    1.0 11.242650671429216 56.52357771174052 196.3154321679697 547.958882589869 2868.9881387167984
 160    1.0 9.971388713726185 46.28226824610249 151.15434099341775 401.0843905444626 1936.134723997213
 170    1.0 8.955572535953284 38.69758712524368 119.61241946001648 303.33778579119826 1361.5922759780321
 180    1.0 8.129067482316941 32.93331753263969 96.86920906438124 235.84367641069682 991.4915477292755
 190    1.0 7.4460149851390565 28.45419480396784 80.01624218834912 187.74557934659714 743.7738473797278
 200    1.0 6.873791175992048 24.90607787307262 67.22955866279459 152.52335071747947 572.4050186977355
 210    1.0 6.38866028646375 22.047808731267097 57.326241927141865 126.11143041987651 450.40412378481744
 220    1.0 5.973007218074292 19.710954193540832 49.51619175113565 105.89016490788475 361.34134058167837
 230    1.0 5.613526659366829 17.775207540389072 43.25777590763038 90.12199899696385 294.86993134357635
 240    1.0 5.300008885391807 16.152904143598537 38.1710101759741 77.62446690212309 244.27725477159518
 250    1.0 5.024507659160866 14.779011877207811 33.983748758863825 67.57419708171975 205.0914374143868
 260    1.0 4.780758662260243 13.60450460674032 30.49742601480293 59.38594312971708 174.26185012817845
 270    1.0 4.563765724214975 12.591880080727561 27.56471193644898 52.63592591880656 149.66249486835054
 280    1.0 4.369501633218328 11.712068697489299 25.074616015455273 47.01208469841968 129.7828713139212
 290    1.0 4.194688579129409 10.942263442669992 22.942357365008075 42.28108604505344 113.53080657512822
 300    1.0 4.036634838654265 10.26437164529864 21.102350078739857 38.26601076489315 100.10388295076203
 310    1.0 3.8931117748935065 9.66389386353376 19.50326452259361 34.83098849737461 88.90388668776335
 320    1.0 3.7622601306513896 9.129100905591299 18.104496782722755 31.87044038694675 79.47881924240224
 330    1.0 3.6425178772322204 8.65042204382745 16.87360904933363 29.301432408883244 71.48291659074441
 340    1.0 3.5325641107000703 8.219984890503353 15.78444965593282 27.058162947952955 64.64864842442927
 350    1.0 3.431275025198313 7.831265572033416 14.815755577584179 25.087936903551817 58.76682097042132
 360    1.0 3.3376890674634967 7.478820069185115 13.950101882757247 23.348189722100685 53.67224670962049
 370    1.0 3.250979137115594 7.158075943905462 13.173103725980088 21.80426267365551 49.233293606393275
 380    1.0 3.1704302418456924 6.865169455702521 12.472804244662326 20.42772220009788 45.3441742742449
 390    1.0 3.0954214108727105 6.596817123702515 11.839200757069026 19.19507777246375 41.91919450867525
 400    1.0 3.025410958444786 6.350213665288554 11.263874869170667 18.08679474314708 38.88841941430175
 410    1.0 2.9599244021927893 6.122950303833263 10.739701377956084 17.08652774430976 36.19437641523221
 420    1.0 2.898544499944726 5.9129489318983985 10.260617451241913 16.180520517109475 33.78952449535547
 430    1.0 2.840902988009443 5.718408709363395 9.821438297192454 15.35713244171378 31.634295146881172
 440    1.0 2.7866736944453523 5.537762483181617 9.417708969147139 14.606462323780155 29.69556377919494
 450    1.0 2.73556676996587 5.369641016810583 9.045584464001784 13.920047421352399 27.945448025732922
 460    1.0 2.68732383233045 5.212843469036613 8.70173212821656 13.290621111654763 26.3603563198576
 470    1.0 2.641713861286813 5.066312903825247 8.383251767838182 12.711916580848326 24.920229546861336
 480    1.0 2.5985297132746914 4.929115873573037 8.087609896809914 12.178506874982318 23.60793273437207
 490    1.0 2.557585150327716 4.800425318385274 7.812585343060543 11.685673860301213 22.408764142522788
 500    1.0 2.518712297525188 4.679506178825269 7.556224030226059 11.229300306346277 21.31005681826198
 510    1.0 2.4817594591567462 4.565703240044618 7.316801211973104 10.805780569288826 20.30085342905334
 520    1.0 2.4465892363841757 4.458430819505465 7.0927897904779975 10.411946318997364 19.37163951683381
 530    1.0 2.4130768993115614 4.357163984756335 6.88283362618376 10.04500449657729 18.51412358991555
 540    1.0 2.3811089745407976 4.261431046510435 6.685724961397062 9.702485264530075 17.721054969716917
 550    1.0 2.350582015905071 4.170807119066848 6.500385249679898 9.38219815983887 16.986072227707897
 560    1.0 2.321401531457108 4.084908577547988 6.325848816906133 9.082195011348688 16.303576529823836
 570    1.0 2.29348104418973 4.003388271518178 6.161248886274372 8.800738459323572 15.668625357004546
 580    1.0 2.2667412675785608 3.9259313788514087 6.005805584565053 8.536275134010175 15.076842970232994
 590    1.0 2.241109380013429 3.8522518034323086 5.858815615140145 8.28741272427787 14.524344695321012
 600    1.0 2.2165183846476157 3.7820890363376267 5.71964333817608 8.052900306741604 14.007672660952242
 610    1.0 2.192906543238824 3.715205413287233 5.5877130431525 7.831611417716479 13.52374106659618
 620    1.0 2.1702168742596286 3.65138371194759 5.46250223483416 7.622529440690319 13.069789410298684
 630    1.0 2.148396706979852 3.5904250415703065 5.343535783555067 7.424734955216435 12.643342389500516
 640    1.0 2.1273972844185636 3.5321469848132847 5.230380814856269 7.237394752713818 12.242175415908024
 650    1.0 2.1071734090692806 3.4763819577083255 5.122642233477755 7.059752273347502 11.86428486961423
 660    1.0 2.087683126151167 3.4229757588359355 5.019958793180981 6.891119258094239 11.507862367137733
 670    1.0 2.0688874398580492 3.3717862830296137 4.921999637534315 6.730868442973258 11.171272439832752
 680    1.0 2.0507500586876364 3.322682378506074 4.82846124815062 6.578427149582841 10.853033118733906
 690    1.0 2.0332371664532474 3.275542829325049 4.739064746342181 6.433271648601017 10.551799003672587
 700    1.0 2.016317216024274 3.2302554476199012 4.653553502089989 6.294922191639275 10.26634646187243
 710    1.0 1.9999607432215634 3.1867162621877063 4.571691010884144 6.16293862246866 9.995560656926987
 720    1.0 1.9841401986200904 3.144828791849921 4.493259004600248 6.036916491721772 9.738424155260295
 730    1.0 1.9688297952917837 3.104503393545481 4.418055767313003 5.916483610159787 9.494006895613808
 740    1.0 1.9540053707633411 3.065656676441169 4.345894630959296 5.801296984844366 9.261457339192644
 750    1.0 1.9396442616729728 3.02821097447579 4.276602629169254 5.6910400903658855 9.039994644971332
 760    1.0 1.9257251897911276 2.9920938707247924 4.210019290483591 5.585420433894039 8.828901737219498
 770    1.0 1.912228158227545 2.957237767806037 4.1459955546509635 5.484167378432658 8.627519151306007
 780    1.0 1.899134356783722 2.923579499265638 4.084392797816862 5.3870301934406815 8.435239559881627
 790    1.0 1.8864260755291933 2.8910599775031263 4.02508195423231 5.293776306060158 8.251502895122247
 800    1.0 1.8740866257841184 2.8596238743317692 3.967942723672163 5.204189729681199 8.07579199424321
 810    1.0 1.8621002677818672 2.8292193307352695 3.9128628550984574 5.118069649565302 7.907628705306202
 820    1.0 1.8504521443651867 2.7997976927863637 3.859737498266135 5.035229147819219 7.746570398708922
 830    1.0 1.8391282201397428 2.7713132710448667 3.8084686159739305 4.9554940522256405 7.592206836903762
 840    1.0 1.8281152255705948 2.743723121059803 3.758964450535022 4.8787018953480565 7.44415736102482
 850    1.0 1.8174006055616037 2.716986842868602 3.7111390387996104 4.8047009719800355 7.302068358370326
 860    1.0 1.8069724721058524 2.6910663976213614 3.664911770721053 4.7333494844418365 7.165610979222428
 870    1.0 1.796819560637673 2.665925939664285 3.620206987032398 4.66451476647137 7.034479075398201
 880    1.0 1.7869311897545155 2.6415316625975245 3.5769536121028334 4.598072577539043 6.908387336307204
 890    1.0 1.7772972240103433 2.6178516579820905 3.535084818483608 4.533906460359769 6.787069601220009
 900    1.0 1.767908039511868 2.5948557855110277 3.494537720038854 4.471907155199554 6.670277328993962
 910    1.0 1.7587544920754048 2.5725155535841955 3.455253090895797 4.411972065295186 6.55777820871269
 920    1.0 1.7498278877256406 2.550804009335781 3.4171751077471066 4.35400476833759 6.449354896621299
 930    1.0 1.7411199553386152 2.529695637260896 3.380251113301068 4.297914569524197 6.344803866419397
 940    1.0 1.732622821249985 2.5091662656739273 3.3444313989073744 4.243616092173673 6.243934361443107
 950    1.0 1.72432898566646 2.489192980307952 3.3096690045915524 4.191028902326131 6.146567438553695
 960    1.0 1.7162313007333008 2.469754044432721 3.2759195349127284 4.14007716413105 6.052535094678829
 970    1.0 1.7083229501243269 2.4508288249295256 3.243140989220629 4.090689323160256 5.961679467944166
 980    1.0 1.7005974300329625 2.432397723815447 3.211293605030786 4.042797815079672 5.873852106205465
 990    1.0 1.693048531453785 2.4144421147579593 3.1803397133642264 3.996338797376307 5.788913296560673
1000    1.0 1.6856703236538435 2.3969442841641726 3.1502436050112537 3.9512519020701466 5.70673145010039
1010    1.0 1.6784571387418836 2.3798873764678463 3.1209714067800323 3.9074800075477665 5.627182536755468
1020    1.0 1.6714035572515864 2.3632553432720824 3.092490966880931 3.864969027838978 5.550149565631936
1030    1.0 1.6645043946621674 2.3470328960368976 3.064771748678289 3.82366771782206 5.475522106694792
1040    1.0 1.657754688786203 2.3312054620289686 3.0377847321135323 3.783527492989885 5.403195850080543
1050    1.0 1.6511496879604552 2.315759143276122 3.0115023221683064 3.7445022625401774 5.333072199690461
1060    1.0 1.6446848399808525 2.300680678291962 2.985898263794417 3.706548274670408 5.265057898047708
1070    1.0 1.6383557817276078 2.285957406356564 2.9609475627895896 3.6696239730627647 5.199064679696662
1080    1.0 1.6321583294309225 2.2715772341577485 2.9366264121450216 3.633689863638856 5.1350089506864895
1090    1.0 1.6260884695316828 2.257528604614223 2.9129121234330047 3.598708390748249 5.072811491916281
1100    1.0 1.6201423500952707 2.2438004677170857 2.8897830628410253 3.5646438220309773 5.012397184330064
1110    1.0 1.6143162727398848 2.230382253239934 2.867218591493161 3.531462141262504 4.953694754138585
1120    1.0 1.6086066850438485 2.217263845180314 2.8451990097307096 3.499130948551238 4.8966365364142534
1130    1.0 1.6030101733991229 2.2044355578065713 2.823705505052071 3.467619367314203 4.841158255557592
1140    1.0 1.5975234562807774 2.1918881131944516 2.8027201034373865 3.436897957506679 4.787198821270255
1150    1.0 1.5921433779045142 2.1796126201471933 2.7822256238065473 3.4069386346269046 4.734700138792734
1160    1.0 1.5868669022464001 2.1676005544013206 2.762205635380023 3.3777145940579545 4.683606932275611
1170    1.0 1.581691107400958 2.155843740028183 2.7426444177310767 3.3492002403460353 4.633866580253254
1180    1.0 1.5766131802555194 2.144334331948306 2.7235269233351294 3.32137112104811 4.585428962279066
1190    1.0 1.5716304114603556 2.1330647994821264 2.7048387424377833 3.294203864812287 4.538246315862894
1200    1.0 1.5667401906756393 2.1220279108665854 2.6865660700773386 3.2676761233821825 4.492273102925123
1210    1.0 1.5619400020776244 2.1112167186724267 2.6686956751106368 3.241766517241628 4.4474658850485955
1220    1.0 1.5572274201077176 2.1006245460620234 2.651214871102998 3.216454584639079 4.403783206870232
1230    1.0 1.5526001054492735 2.090244973832073 2.6341114889538764 3.1917207337519913 4.361185487009084
1240    1.0 1.5480558012180197 2.0800718281896393 2.617373851139759 3.1675461977704193 4.3196349159774154
1250    1.0 1.543592329352988 2.070099169213845 2.6009907474649365 3.1439129926965146 4.279095360566866
1260    1.0 1.5392075871957631 2.0603212799589876 2.5849514122190596 3.120803877672452 4.239532274242857
1270    1.0 1.5348995442466784 2.0507326561581056 2.5692455026480214 3.0982023176638274 4.200912613118137
1280    1.0 1.5306662390873804 2.041327996488911 2.5538630786516703 3.076092448338779 4.163204757110451
1290    1.0 1.5265057764598815 2.032102193366791 2.5387945836282486 3.054459042995295 4.126378435920632
1300    1.0 1.5224163244929036 2.0230503242320266 2.5240308263913587 3.0332874814002286 4.090404659495909
1310    1.0 1.5183961120669152 2.0141676433007096 2.509562964090615 3.0125637204137643 4.055255652669256
1320    1.0 1.5144434263098276 2.005449573750955 2.4953824860721285 2.9922742662824113 4.020904793689392
1330    1.0 1.5105566102158634 1.996891700317976 2.481481198619542 2.9724061484922193 3.987326556377941
1340    1.0 1.506734060380573 1.9884897622733875 2.4678512105205193 2.952946895081742 3.9544964556700672
1350    1.0 1.5029742248454396 1.9802396467657792 2.45448491940748 2.9338845093216026 3.9223909963133363
1360    1.0 1.4992756010459367 1.9721373825011603 2.44137499882494 2.9152074476741197 3.890987624516231
1370    1.0 1.49563673385728 1.9641791337432857 2.4285143859791223 2.8969045989526383 3.860264682353194
1380    1.0 1.4920562137324889 1.9563611946152228 2.4158962701285285 2.878965264605864 3.8302013647472073
1390    1.0 1.488532674927701 1.9486799836847262 2.403514081577001 2.861379140057722 3.800777678863933
1400    1.0 1.4850647938100077 1.9411320388171294 2.3913614812333757 2.8441362970380646 3.7719744057633493
1410    1.0 1.4816512872433496 1.9337140122805345 2.379432350704247 2.8272271668440183 3.7437730641658917
1420    1.0 1.4782909110483193 1.926422666089031 2.3677207828886138 2.8106425244758797 3.7161558762002254
1430    1.0 1.4749824585319218 1.9192548675706071 2.3562210730451794 2.794373473595211 3.689105735009071
1440    1.0 1.4717247590836244 1.9122075851472513 2.344927710305051 2.7784114322563873 3.6626061740982383
1450    1.0 1.46851667683423 1.905277884315538 2.333835369604332 2.7627481193660306 3.6366413383218337
1460    1.0 1.4653571093742987 1.8984629238166937 2.3229389040127333 2.7473755418278034 3.6111959564041265
1470    1.0 1.4622449865290692 1.891759951985866 2.312233337435873 2.7322859823328307 3.586255314905156
1480    1.0 1.4591792691869732 1.8851663032709018 2.3017138576703604 2.7174719877586093 3.561805233543638
1490    1.0 1.4561589481790291 1.878679394911561 2.2913758097920476 2.7029263581416494 3.537832041796385
1500    1.0 1.4531830432065587 1.8722967237706494 2.2812146898590995 2.688642136191341 3.5143225566989065
1510    1.0 1.450250601814784 1.8660158633090134 2.2712261389126303 2.6746125973145936 3.491264061776842
1520    1.0 1.4473606984100587 1.8598344606969124 2.261405937258772 2.660831240122758 3.468644287042464
1530    1.0 1.444512433318548 1.853750234054616 2.2517499990169596 2.6472917773940625 3.4464513899948037
1540    1.0 1.4417049318843498 1.8477609698155901 2.2422543669202097 2.6339881274665387 3.424673937565895
1550    1.0 1.438937343605126 1.841864520205977 2.2329152073539884 2.6209144060379095 3.4033008889593703
1560    1.0 1.4362088413034393 1.8360588008344356 2.223728805621077 2.608064918350374 3.3823215793310277
1570    1.0 1.4335186203320749 1.8303417883867739 2.2146915614205924 2.5954341517395783 3.3617257042641833
1580    1.0 1.4308658978117352 1.8247115184201068 2.205799984530024 2.583016768528294 3.3415033049956198
1590    1.0 1.4282499118995697 1.8191660832515764 2.197050690679804 2.570807599246526 3.321644754350655
1600    1.0 1.425669921087096 1.8137036299369587 2.1884403976105156 2.558801636160837 3.3021407433484637
1610    1.0 1.423125203526133 1.8083223583347197 2.1799659213034563 2.5469940270967037 3.282982268441129
1620    1.0 1.420615056381456 1.8030205192513717 2.1716241723757754 2.5353800695386983 3.264160619352205
1630    1.0 1.418138795208934 1.7977964126641637 2.1634121526319134 2.5239552049941336 3.245667367482556
1640    1.0 1.4156957533579912 1.79264838601739 2.1553269517635454 2.51271501360668 3.227494354853256
1650    1.0 1.4132852813972787 1.7875748325887943 2.147365744190674 2.501655209007229 3.2096336835571053
1660    1.0 1.4109067465625136 1.7825741899227256 2.1395257860369017 2.4907716333900005 3.192077705692006
1670    1.0 1.408559532225494 1.777644938326912 2.1318044122323534 2.4800602528026006 3.1748190137510504
1680    1.0 1.4062430373833343 1.772785599429846 2.124199033738011 2.4695171526393334 3.1578504314456044
1690    1.0 1.403956676167037 1.76799473479597 2.1167071348856217 2.459138533327703 3.141165004939096
1700    1.0 1.4016998773685472 1.7632709445959844 2.1093262708276446 2.4489207061986145 3.1247559944704757
1710    1.0 1.3994720839854742 1.7586128663297298 2.1020540650919592 2.4388600895312544 3.108616866347529
1720    1.0 1.397272752782721 1.754019173599254 2.0948882072364254 2.428953204764193 3.0927412852913845
1730    1.0 1.395101353870291 1.7494885749297748 2.0878264505985586 2.4191966728646763 3.077123107114565
1740    1.0 1.3929573702965705 1.7450198126363843 2.080866610135907 2.4095872108485166 3.0617563717159797
1750    1.0 1.3908402976564358 1.7406116617344272 2.0740065603528834 2.4001216284434044 3.0466352963771364
1760    1.0 1.3887496437135496 1.736262928891628 2.06724423331011 2.3907968248888616 3.03175426934477
1770    1.0 1.386684928036253 1.7319724514201007 2.060577616712453 2.3816097858663943 3.017107843685874
1780    1.0 1.3846456816464836 1.727739096306488 2.054004752072178 2.3725575805537633 3.002690731401893
1790    1.0 1.3826314466811762 1.7235617592785706 2.047523732943834 2.3636373587976083 2.9884977977895875
1800    1.0 1.3806417760656293 1.7194393639067485 2.041132703227619 2.3548463483989543 2.9745240560367012
1810    1.0 1.3786762331983464 1.7153708607388944 2.034829855538178 2.346181852506425 2.960764662041275
1820    1.0 1.3767343916468866 1.7113552264671452 2.0286134296359246 2.3376412471122507 2.947214909443985
1830    1.0 1.3748158348542687 1.707391463125261 2.0224817109181186 2.329221978646406 2.9338702248634805
1840    1.0 1.3729201558555109 1.703478597315263 2.0164330289670778 2.320921561664467 2.9207261633252366
1850    1.0 1.371046957003895 1.69961567946211 2.0104657561530277 2.3127375766249743 2.9077784038748846
1860    1.0 1.3691958497065657 1.6958017830952328 2.00457830628923 2.304667667752339 2.8950227453675432
1870    1.0 1.3673664541691013 1.692036004155819 1.9987691333371163 2.296709540981486 2.8824551024250153
1880    1.0 1.3655583991486906 1.6883174603287672 1.9930367301592984 2.2888609619806557 2.8700715015532112
1890    1.0 1.3637713217155911 1.6846452903982998 1.9873796273184057 2.2811197542489325 2.8578680774125163
1900    1.0 1.3620048670225315 1.681018653626268 1.9817963919198136 2.2734837972852646 2.8458410692341944
1910    1.0 1.3602586880817669 1.6774367291522134 1.9762856264964068 2.2659510248258767 2.8339868173762865
1920    1.0 1.358532445549475 1.6738987154143228 1.9708459679336243 2.2585194231471415 2.8223017600127744
1930    1.0 1.356825807517222 1.6704038295904116 1.9654760864330991 2.2511870294311103 2.810782429950094
1940    1.0 1.3551384493102265 1.666951307058155 1.960174684513308 2.243951930191049 2.7994254515654053
1950    1.0 1.3534700532921622 1.6635404008737846 1.954940496045688 2.236812259754434 2.788227537861261
1960    1.0 1.3518203086762524 1.6601703812685316 1.9497722853247892 2.2297661988010042 2.7771854876316087
1970    1.0 1.3501889113424215 1.656840535162103 1.9446688461710584 2.222811972953569 2.7662961827343016
1980    1.0 1.348575563660279 1.6535501656925393 1.9396290010649466 2.215947851419378 2.755556585465537
1990    1.0 1.3469799743177167 1.6502985917618047 1.9346516003110705 2.2091721456799673 2.744963736031838
2000    1.0 1.345401858154911 1.6470851475965025 1.9297355212312297 2.2024832082274997 2.7345147501154488
2010    1.0 1.3438409360035366 1.643909182323136 1.9248796673851254 2.1958794313456775 2.72420681652915
2020    1.0 1.342296934531 1.640770059557355 1.9200829678176892 2.1893592459334523 2.7140371949567728
2030    1.0 1.3407695860895028 1.6376671570066543 1.9153443763319702 2.1829211203697705 2.7040032137757746
2040    1.0 1.339258628569775 1.6345998660860153 1.9106628707865796 2.1765635594177284 2.6941022679584994
2050    1.0 1.337763805259293 1.6315675915459997 1.906037452416731 2.1702851031665467 2.6843318170488204
2060    1.0 1.3362848647048426 1.6285697511128403 1.90146714517798 2.1640843260098848 2.6746893832111107
2070    1.0 1.3348215605792473 1.6256057751400566 1.8969509951117578 2.157959835659024 2.6651725493485126
2080    1.0 1.3333736515521406 1.622675106271194 1.8924880697318913 2.151910272189586 2.655778957287746
2090    1.0 1.3319409011646175 1.6197771991132617 1.888077457431297 2.1459343071204473 2.646506306027708
2100    1.0 1.3305230777076504 1.6169115199204782 1.8837182669080792 2.14003064252362 2.6373523500493232
2110    1.0 1.3291199541041132 1.614077546287941 1.8794096266103049 2.1341980101638662 2.62831489768416
2120    1.0 1.3277313077943171 1.6112747668548846 1.8751506841987597 2.128435170666959 2.6193918095394997
2130    1.0 1.326356920624911 1.6085026810171439 1.8709406060270002 2.122740912715424 2.6105809969775846
2140    1.0 1.3249965787410507 1.6057607986485176 1.866778576638067 2.1171140522707708 2.6018804206469297
2150    1.0 1.3236500724817106 1.603048639830712 1.8626637982772483 2.111553431821188 2.5932880890636443
2160    1.0 1.3223171962780433 1.6003657345915394 1.8585954904202888 2.10605791965373 2.584802057240807
2170    1.0 1.320997748554675 1.597711622651104 1.8545728893164932 2.100626409150104 2.576420425364026
2180    1.0 1.3196915316338422 1.5950858531756755 1.8505952475461702 2.0952578181051544 2.568141337511405
2190    1.0 1.3183983516422724 1.5924879845389852 1.8466618335919043 2.0899510880672105 2.559962980416199
2200    1.0 1.3171180184207232 1.589917584090696 1.842771931423158 2.084705183699496 2.551883582270526
2210    1.0 1.3158503454360808 1.5873742279317737 1.8389248400937164 2.079519092161805 2.5439014115685756
2220    1.0 1.3145951496959474 1.5848575006965506 1.8351198733515288 2.074391822511738 2.5360147759878138
2230    1.0 1.3133522516656186 1.5823669953412212 1.8313563592604947 2.0693224051247374 2.528222021306748
2240    1.0 1.3121214751873926 1.5799023129385739 1.8276336398337798 2.064309891132299 2.520521530357888
2250    1.0 1.310902647402119 1.577463062478734 1.8239510706782571 2.059353351877654 2.512911722014586
2260    1.0 1.30969559867292 1.575048860675712 1.8203080206496713 2.054451878388325 2.5053910502104872
2270    1.0 1.3085001625110206 1.5726593317795718 1.8167038715181731 2.0496045808649423 2.4979580029904076
2280    1.0 1.3073161755036091 1.5702941073940215 1.8131380176438439 2.044810588185744 2.490611101591454
2290    1.0 1.3061434772436704 1.5679528262992428 1.8096098656618758 2.0400690474262118 2.4833488995533037
2300    1.0 1.3049819102617275 1.5656351342798005 1.8061188341770826 2.035379123393299 2.4761699818565726
2310    1.0 1.303831319959429 1.5633406839574397 1.8026643534673994 2.030739998173744 2.469072964088239
2320    1.0 1.302691554544931 1.5610691346286343 1.7992458651960948 2.026150870695993 2.4620564916331813
2330    1.0 1.301562464970008 1.5588201521067135 1.795862822132377 2.0216109563052336 2.4551192388908514
2340    1.0 1.300443904868844 1.55659340856842 1.7925146878801188 2.017119486351105 2.4482599085162122
2350    1.0 1.2993357304984523 1.5543885824047667 1.7892009366144375 2.012675707787644 2.4414772306840757
2360    1.0 1.2982378006806725 1.552205358076035 1.7859210528258511 2.0082788827850537 2.4347699623759866
2370    1.0 1.2971499767456949 1.550043425970798 1.7826745310717724 2.0039282883528804 2.4281368866889004
2380    1.0 1.2960721224770662 1.5479024822688257 1.77946087573509 1.9996232159742224 2.4215768121648438
2390    1.0 1.2950041040581353 1.5457822288077616 1.7762796007896118 1.9953629712506 2.4150885721408697
2400    1.0 1.2939457900198854 1.5436823729534364 1.773130229572131 1.991146873557114 2.4086710241185614
2410    1.0 1.292897051190125 1.5416026274737178 1.770012294560916 1.9869742557075702 2.4023230491524434
2420    1.0 1.2918577606439814 1.539542710415772 1.7669253371604006 1.9828444636292237 2.396043551256623
2430    1.0 1.2908277936556702 1.5375023449866427 1.7638689074918856 1.978756856046823 2.3898314568290537
2440    1.0 1.289807027651498 1.5354812594370306 1.760842564190049 1.97471080417566 2.3836857140928096
2450    1.0 1.2887953421640546 1.5334791869481865 1.7578458742050802 1.9707056914233183 2.3776052925538007
2460    1.0 1.2877926187875761 1.5314958655218132 1.7548784126102703 1.9667409130998423 2.371589182474363
2470    1.0 1.2867987411344277 1.529531037872885 1.7519397624148616 1.9628158761360468 2.3656363943622023
2480    1.0 1.2858135947926816 1.5275844513252987 1.7490295143820151 1.9589299988097113 2.3597459584741647
2490    1.0 1.2848370672847598 1.5256558577102663 1.7461472668517202 1.9550827104794022 2.3539169243343485
2500    1.0 1.2838690480271016 1.5237450132673653 1.7432926255684893 1.9512734513256706 2.348148360266075
2510    1.0 1.2829094282908393 1.5218516785481702 1.7404652035137018 1.9475016720994 2.3424393529372596
2520    1.0 1.2819581011634424 1.5199756183223851 1.7376646207424398 1.9437668338770753 2.336789006918754
2530    1.0 1.2810149615113045 1.5181166014863965 1.7348905042246767 1.9400684078227424 2.3311964442552107
2540    1.0 1.2800799059432504 1.5162744009741882 1.7321424876907003 1.936405874956466 2.325660804048092
2550    1.0 1.2791528327749333 1.5144487936705284 1.7294202114806139 1.9327787259290576 2.3201812420503964
2560    1.0 1.278233641994098 1.5126395603263856 1.7267233223978218 1.9291864608029101 2.3147569302727504
2570    1.0 1.2773222352266838 1.5108464854764787 1.724051473566344 1.9256285888387092 2.3093870566004835
2580    1.0 1.2764185157037493 1.509069357358927 1.7214043242918757 1.9221046282878733 2.3040708244213386
2590    1.0 1.275522388229186 1.5073079678369197 1.7187815399264608 1.918614106190527 2.2988074522634836
2600    1.0 1.2746337591482115 1.50556211232235 1.7161827917366668 1.9151565581788434 2.2935961734434844
2610    1.0 1.273752536316607 1.5038315897013632 1.7136077567751753 1.911731528285587 2.2884362357239336
2620    1.0 1.27287862907069 1.5021162022617558 1.7110561177556654 1.9083385687577044 2.283326900980429
2630    1.0 1.272011948197996 1.500415755622176 1.7085275629309076 1.9049772398748073 2.2782674448776117
2640    1.0 1.271152405908648 1.4987300586630712 1.7060217859739628 1.9016471097723924 2.2732571565539588
2650    1.0 1.2702999158074053 1.4970589234593394 1.7035384858624032 1.8983477542696703 2.268295338315099
2660    1.0 1.2694543928663542 1.4954021652146232 1.7010773667654577 1.8950787567018492 2.263381305335341
2670    1.0 1.2686157533982472 1.4937596021972157 1.6986381379340063 1.8918397077567553 2.2585143853671976
2680    1.0 1.267783915030452 1.4921310556775182 1.6962205135933308 1.888630205315644 2.2536939184586364
2690    1.0 1.2669587966795044 1.4905163498670178 1.6938242128385514 1.8854498542980973 2.248919256677834
2700    1.0 1.2661403185262503 1.4889153118587308 1.6914489595326605 1.8822982665108672 2.2441897638451977
2710    1.0 1.2653284019915525 1.4873277715690842 1.689094482207092 1.8791750605005637 2.239504815272432
2720    1.0 1.2645229697125586 1.4857535616811817 1.6867605139647412 1.876079861410069 2.234863797508449
2730    1.0 1.2637239455195024 1.4841925175894282 1.6844467923853748 1.8730123008385657 2.2302661080919
2740    1.0 1.2629312544130364 1.4826444773454637 1.6821530594333565 1.8699720167050828 2.225711155310142
2750    1.0 1.2621448225420764 1.4811092816053812 1.6798790613676264 1.8669586531154503 2.22119835796444
2760    1.0 1.2613645771821396 1.4795867735781874 1.6776245486538708 1.8639718602325663 2.2167271451412236
2770    1.0 1.260590446714174 1.4780767989754702 1.6753892758788165 1.8610112941498806 2.212296955989215
2780    1.0 1.2598223606038592 1.4765792059622498 1.6731730016665987 1.8580766167680096 2.2079072395022576
2790    1.0 1.2590602493813667 1.4750938451089681 1.67097548859713 1.855167495674379 2.203557454307672
2800    1.0 1.2583040446215705 1.4736205693446012 1.668796503126439 1.8522836040258257 2.1992470684599907
2810    1.0 1.2575536789246933 1.472159233910845 1.6666358155088912 1.8494246204340576 2.194975559239893
2820    1.0 1.2568090858973815 1.4707096963173685 1.6644931997212744 1.846590228853911 2.190742412958214
2830    1.0 1.256070200134192 1.4692718162980851 1.6623684333886697 1.8437801184743015 2.1865471247648562
2840    1.0 1.2553369571994883 1.4678454557684302 1.6602612977120808 1.8409939836118223 2.1823891984624826
2850    1.0 1.254609293609726 1.4664304787836093 1.6581715773977552 1.8382315236068905 2.178268146324843
2860    1.0 1.253887146816125 1.4650267514977922 1.6560990605881658 1.8354924427223849 2.1741834889195983
2870    1.0 1.2531704551877183 1.4636341421242383 1.6540435387946013 1.8327764500447072 2.170134754935527
2880    1.0 1.2524591579947622 1.4622525208963084 1.6520048068313185 1.830083259387187 2.1661214810139726
2890    1.0 1.2517531953925054 1.4608817600293649 1.6499826627512264 1.8274125891957864 2.1621432115844312
2900    1.0 1.2510525084053066 1.4595217336835158 1.647976907783049 1.8247641624570172 2.158199498704144
2910    1.0 1.250357038911086 1.4581723179271908 1.6459873462699328 1.8221377066080355 2.154289901901592
2920    1.0 1.2496667296261135 1.4568333907015318 1.644013785609462 1.8195329534488363 2.150413988023786
2930    1.0 1.2489815240901134 1.4555048317855641 1.64205603619504 1.8169496390564934 2.1465713310872356
2940    1.0 1.2483013666516858 1.4541865227621404 1.6401139113586032 1.8143875037014043 2.1427615121325054
2950    1.0 1.2476262024540368 1.4528783469846358 1.6381872273146363 1.8118462917654674 2.138984119082259
2960    1.0 1.2469559774210046 1.4515801895443654 1.6362758031054474 1.8093257516621517 2.1352387466026816
2970    1.0 1.246290638243377 1.4502919372387166 1.6343794605476725 1.8068256357584005 2.1315249959682028
2980    1.0 1.2456301323654977 1.449013478539978 1.6324980241799842 1.804345700298334 2.1278424749294267
2990    1.0 1.2449744079721463 1.447744703564837 1.6306313212119639 1.8018857053286836 2.124190797584172
3000    1.0 1.2443234139756925 1.446485504044542 1.6287791814741106 1.7994454146259293 2.120569584251553
