 100    0.000708015510053522 0.01968199363337468 0.18091184888799047 1.0 4.094047099165057 39.66388683436209
 110    0.0011910237155523618 0.026083451948873463 0.20448419143216356 1.0 3.7003728974484655 30.467520022576835
 120    0.0018548298660108532 0.03315116578525108 0.22696999253130498 1.0 3.3952673422854973 24.345413152119722
 130    0.002718662127123965 0.040772205122375095 0.2483555391028384 1.0 3.152437209641039 20.065493281488433
 140    0.0037957665567154744 0.048842349233873004 0.2686599960357325 1.0 2.954893209918272 16.95276435557273
 150    0.005093843051240051 0.057268298000179005 0.2879222335581765 1.0 2.791216546445667 14.614175294492691
 160    0.0066157544231134355 0.0659682589874174 0.30619212086087505 1.0 2.6534758307862853 12.808991864028073
 170    0.008360335862399938 0.07487159424065419 0.3235248254315209 1.0 2.5360057689711453 11.383368734825895
 180    0.010323197739081153 0.08391797105429236 0.3399771490933878 1.0 2.4346609070994925 10.235363303836928
 190    0.012497462673217193 0.09305629434099123 0.3556052374590387 1.0 2.3463433699456346 9.29528589494329
 200    0.014874409707428416 0.1022435861950119 0.37046320648919945 1.0 2.2686948085215857 8.514186766698343
 210    0.017444018068914033 0.11144390547322716 0.38460237388818386 1.0 2.199890070940921 7.85685767361575
 220    0.02019541415918895 0.12062735454483535 0.3980708834113594 1.0 2.1384957356995486 7.297438025883544
 230    0.023117231041543368 0.1297691927424461 0.410913579522558 1.0 2.083371072738553 6.8165763300734845
 240    0.026197891944432426 0.1388490600840263 0.4231720373427693 1.0 2.033597396145992 6.399549124988841
 250    0.029425829595658558 0.1478503061805489 0.4348846850909309 1.0 1.988426808390133 6.034985688884419
 260    0.032789652461641096 0.15675941503849355 0.4460869779678103 1.0 1.9472444363302055 5.713985503025558
 270    0.036278267747020934 0.1655655148777478 0.45681159700701407 1.0 1.9095402135948232 5.429496060521167
 280    0.03988096963812442 0.1742599619681152 0.4670886561241981 1.0 1.8748875224826087 5.175866750419099
 290    0.04358749992819877 0.18283598814161928 0.47694590702171025 1.0 1.8429268349529329 4.94852402344175
 300    0.047388086931961074 0.191288402646731 0.4864089358293683 1.0 1.813353044666115 4.743731507497567
 310    0.051273467518299164 0.19961334013511023 0.49550134811218893 1.0 1.785905557350389 4.558410546335584
 320    0.05523489616979063 0.20780804768027245 0.504244940643877 1.0 1.7603604656585057 4.390004328551646
 330    0.05926414420745939 0.21587070475453915 0.5126598594607755 1.0 1.7365243157651806 4.236373877203668
 340    0.06335349168313481 0.2238002710073774 0.5207647443959981 1.0 1.714229101284044 4.095717610282986
 350    0.06749571392180442 0.2315963574878176 0.5285768606956435 1.0 1.6933282121304132 3.9665085363134547
 360    0.07168406427454344 0.23925911764049426 0.5361122185372112 1.0 1.6736931327333 3.847444782891588
 370    0.07591225430251437 0.24678915498888773 0.5433856813704621 1.0 1.6552107329613592 3.7374103043988813
 380    0.08017443233969979 0.2541874449125955 0.5504110640267954 1.0 1.637781031385931 3.635443432350004
 390    0.08446516116410253 0.2614552683401772 0.5572012215236443 1.0 1.6213153376086331 3.540711520044617
 400    0.08877939533375051 0.2685941555268307 0.5637681294444374 1.0 1.6057347008222553 3.4524903610869933
 410    0.09311245860639693 0.2756058383772403 0.5701229567147003 1.0 1.5909686073190954 3.370147375747659
 420    0.09746002175326818 0.2824922100174288 0.5762761315287818 1.0 1.5769538815766915 3.2931277923499325
 430    0.10181808099185014 0.28925529052313453 0.5822374011144633 1.0 1.5636337547529828 3.220943225385239
 440    0.10618293719587721 0.295897197882694 0.5880158859573587 1.0 1.5509570715798948 3.153162183762422
 450    0.11055117598864342 0.30242012341518176 0.593620129045265 1.0 1.538877612248191 3.089402142774288
 460    0.11491964878548293 0.3088263109842733 0.5990581406353861 1.0 1.5273535102922902 3.0293228901382205
 470    0.11928545482034038 0.3151180394487951 0.604337438994954 1.0 1.5163467509847188 2.9726209157246393
 480    0.1236459241678362 0.3212976078754316 0.6094650875182894 1.0 1.5058227375415354 2.919024660633547
 490    0.12799860175457037 0.32736732311020034 0.6144477285805534 1.0 1.4957499146784878 2.8682904772908713
 500    0.13234123234036552 0.3333294893653167 0.619291614450091 1.0 1.4860994408619101 2.820199180571999
 510    0.13667174644072808 0.3391863995287493 0.6240026355469886 1.0 1.4768449020599888 2.7745530923859634
 520    0.14098824715522945 0.34494032794665624 0.6285863463049287 1.0 1.4679620609897819 2.731173500001375
 530    0.14528899786212873 0.3505935244652297 0.6330479888662075 1.0 1.4594286368282914 2.689898462674427
 540    0.14957241073689606 0.3561482095493256 0.6373925148156196 1.0 1.4512241111549742 2.6505809126216118
 550    0.15383703605093924 0.3616065703214778 0.6416246051374006 1.0 1.443329556552188 2.6130870056577575
 560    0.15808155220647263 0.36697075738722235 0.6457486885603201 1.0 1.435727484835883 2.577294684351569
 570    0.16230475646386153 0.372242882331697 0.6497689584390375 1.0 1.4284017123426522 2.543092422692108
 580    0.16650555631870675 0.37742501578873877 0.6536893883047213 1.0 1.4213372400779072 2.510378126288428
 590    0.17068296148727316 0.38251918599759877 0.6575137462045153 1.0 1.414520146847057 2.4790581662593567
 600    0.17483607646047508 0.38752737777429924 0.6612456079374498 1.0 1.4079374937580582 2.4490465283835525
 610    0.17896409358842374 0.3924515318348597 0.6648883692837548 1.0 1.4015772387083798 2.4202640619079285
 620    0.1830662866594433 0.39729354441637416 0.6684452573150196 1.0 1.3954281596594598 2.3926378147642953
 630    0.18714200493941438 0.40205526714944506 0.6719193408641474 1.0 1.3894797856629568 2.366100443906613
 640    0.19119066763927017 0.4067385071419556 0.675313540226487 1.0 1.3837223347403056 2.340589691124515
 650    0.19521175878040994 0.4113450272397265 0.6786306361567269 1.0 1.3781466578341635 2.3160479160692002
 660    0.1992048224296943 0.4158765464344123 0.6818732782200606 1.0 1.3727441881505098 2.2924216793910337
 670    0.20316945827752073 0.4203347403931266 0.6850439925507018 1.0 1.3675068952961362 2.2696613698714176
 680    0.20710531753423858 0.4247212420878613 0.6881451890659195 1.0 1.36242724369021 2.247720870264993
 690    0.21101209912184554 0.429037642505853 0.6911791681793876 1.0 1.3574981547923566 2.2265572572767507
 700    0.21488954613950034 0.4332854914247171 0.6941481270536891 1.0 1.3527129727448326 2.206130531702632
 710    0.21873744258289335 0.4374662982384674 0.6970541654282559 1.0 1.3480654330741344 2.1864033752783945
 720    0.22255561029893645 0.4415815328225472 0.6998992910558262 1.0 1.3435496341388533 2.1673409312238596
 730    0.2263439061585647 0.4456326264277096 0.702685424777604 1.0 1.339160011046693 2.148910605849578
 740    0.23010221943169015 0.4496209725940874 0.7054144052646918 1.0 1.3348913117950607 2.131081888920143
 750    0.23383046934951113 0.4535479280780772 0.7080879934510144 1.0 1.3307385754171392 2.1138261907507134
 760    0.23752860284047136 0.45741481378578813 0.7107078766807979 1.0 1.3266971119394704 2.097116694257558
 770    0.2411965924271683 0.46122291570776386 0.7132756725917416 1.0 1.3227624839781937 2.0809282203951436
 780    0.24483443427245966 0.4649734858505341 0.7157929327532633 1.0 1.318930489819708 2.0652371055962897
 790    0.24844214636388104 0.4686677431612655 0.7182611460775904 1.0 1.3151971478478433 2.0500210899919495
 800    0.252019766826307 0.47230687444241404 0.7206817420200332 1.0 1.3115586821941176 2.0352592153269304
 810    0.2555673523535334 0.4758920352538173 0.7230560935834485 1.0 1.3080115095003806 2.020931731609905
 820    0.2590849767501594 0.479424350800137 0.7253855201407049 1.0 1.3045522266944674 2.007020011642974
 830    0.2625727295757884 0.48290491680195374 0.7276712900878574 1.0 1.301177599689471 1.9935064726697833
 840    0.2660307148841665 0.48633480034917465 0.729914623339756 1.0 1.2978845529261815 1.9803745044636634
 850    0.2694590500504276 0.48971504073570155 0.7321166936788838 1.0 1.2946701596861063 1.9676084032497534
 860    0.27285786468012435 0.49304665027456845 0.7342786309673992 1.0 1.291531633109567 1.9551933109190867
 870    0.276227299594196 0.49633061509297416 0.736401523231585 1.0 1.2884663178596385 1.943115159049122
 880    0.27956750588446017 0.49956789590682094 0.7384864186272214 1.0 1.2854716823783214 1.9313606172951945
 890    0.2828786440346161 0.5027594287745333 0.7405343272937454 1.0 1.2825453116863574 1.9199170457616788
 900    0.28616088310212356 0.5059061258300602 0.7425462231044903 1.0 1.2796849006826096 1.9087724510009865
 910    0.28941439995665946 0.5090088759950826 0.7445230453197437 1.0 1.2768882479029497 1.8979154453234401
 920    0.2926393785711746 0.5120685456705426 0.7464657001488837 1.0 1.2741532497022432 1.8873352091322189
 930    0.29583600936186816 0.51508597940769 0.7483750622273914 1.0 1.27147789482627 1.8770214560252663
 940    0.2990044885736631 0.518062000558909 0.7502519760141206 1.0 1.268860259343356 1.8669644004308177
 950    0.30214501770802016 0.520997411908645 0.7520972571138257 1.0 1.2662985019081532 1.8571547275653462
 960    0.30525780299015814 0.5238929962847888 0.7539116935295899 1.0 1.2637908593323686 1.847583565522488
 970    0.3083430548729593 0.5267495171509211 0.7556960468494751 1.0 1.2613356424394317 1.8382424593193027
 980    0.3114009875750409 0.529567719179841 0.7574510533714118 1.0 1.2589312321820276 1.8291233467421157
 990    0.3144318186506498 0.5323483288088255 0.759177425170066 1.0 1.2565760760031828 1.8202185358485008
1000    0.31743576858921285 0.535092054777085 0.7608758511091748 1.0 1.2542686844232263 1.8115206839948506
1010    0.3204130604425241 0.5377995886458893 0.7625469978025922 1.0 1.2520076278363572 1.8030227782705461
1020    0.3233639194777 0.5404716053018433 0.764191510527078 1.0 1.2497915335019278 1.7947181172301971
1030    0.3262885728541642 0.5431087634438031 0.7658100140896552 1.0 1.2476190827166989 1.7866002938248702
1040    0.32918724932304605 0.5457117060539124 0.7674031136521767 1.0 1.2454890081554606 1.7786631794417112
1050    0.3320601789474935 0.5482810608532468 0.7689713955155633 1.0 1.2434000913683856 1.7709009089691174
1060    0.33490759284250393 0.550817440742546 0.7705154278660201 1.0 1.2413511604244023 1.7633078668115714
1070    0.33772972293297643 0.5533214442285049 0.7720357614853879 1.0 1.2393410876906958 1.7558786737845777
1080    0.34052680172877786 0.5557936558360971 0.7735329304276413 1.0 1.2373687877392185 1.748608174825918
1090    0.3432990621156991 0.5582346465073793 0.7750074526634256 1.0 1.2354332153717709 1.7414914274645994
1100    0.34604673716125683 0.5606449739872391 0.7764598306943996 1.0 1.2335333637558514 1.7345236909936896
1110    0.34877005993436666 0.563025183196513 0.7778905521390395 1.0 1.2316682626640703 1.7277004162974718
1120    0.35146926333797907 0.56537580659291 0.7793000902914599 1.0 1.2298369768104276 1.721017236287351
1130    0.35414457995383597 0.5676973645201582 0.7806889046547083 1.0 1.228038604277275 1.7144699569044888
1140    0.35679624189855896 0.5699903655457783 0.7820574414499035 1.0 1.2262722750272161 1.7080545486504384
1150    0.35942448069033084 0.5722553067878792 0.7834061341024962 1.0 1.2245371494945998 1.7017671386100155
1160    0.3620295271254924 0.5744926742313592 0.7847354037068653 1.0 1.2228324172516758 1.6956040029334176
1170    0.36461161116440893 0.5767029430338815 0.7860456594703809 1.0 1.2211572957447934 1.6895615597470486
1180    0.3671709618260125 0.5788865778219875 0.7873372991379995 1.0 1.2195110290963758 1.683636362464859
1190    0.3697078070904635 0.581044032977691 0.7886107093983962 1.0 1.2178928869686805 1.6778250934740457
1200    0.37222237380940826 0.5831757529158914 0.7898662662725798 1.0 1.2163021634856408 1.6721245581709452
1210    0.3747148876233491 0.5852821723529307 0.7911043354858742 1.0 1.2147381762093323 1.6665316793246632
1220    0.377185572885673 0.587363716566608 0.7923252728241111 1.0 1.2132002651678406 1.6610434917476549
1230    0.37963465259291085 0.5894208016479517 0.793529424474817 1.0 1.2116877919315279 1.6556571372539381
1240    0.3820623483208335 0.5914538347450461 0.794717127354143 1.0 1.2102001387348937 1.6503698598869978
1250    0.384468880166011 0.5934632142991878 0.7958887094202368 1.0 1.2087367076414013 1.645179001400716
1260    0.3868544666924888 0.5954493302736493 0.7970444899737201 1.0 1.2072969197488275 1.6400819969778146
1270    0.38921932488325417 0.5974125643753068 0.7981847799459005 1.0 1.2058802144328482 1.6350763711713887
1280    0.3915636700961889 0.5993532902693852 0.7993098821752981 1.0 1.2044860486267037 1.630159734056081
1290    0.39388771602422334 0.6012718737875663 0.80042009167306 1.0 1.203113896134952 1.6253297775763846
1300    0.3961916746594231 0.6031686731296872 0.8015156958777756 1.0 1.2017632469794204 1.6205842720803916
1310    0.39847575626075904 0.6050440390592603 0.802596974900201 1.0 1.2004336067756005 1.6159210630280998
1320    0.4007401693253269 0.6068983150930285 0.8036642017583623 1.0 1.199124496137832 1.6113380678641058
1330    0.40298512056279284 0.6087318376847634 0.8047176426034799 1.0 1.1978354501117237 1.6068332730451902
1340    0.4052108148728626 0.6105449364035089 0.8057575569371441 1.0 1.1965660176323623 1.602404731213915
1350    0.40741745532557727 0.612337934106461 0.8067841978201338 1.0 1.1953157610069371 1.5980505585099354
1360    0.40960524314425717 0.6141111471066732 0.8077978120732667 1.0 1.1940842554205073 1.5937689320112665
1370    0.41177437769092007 0.6158648853357617 0.808798640470632 1.0 1.192871088463687 1.5895580872982238
1380    0.41392505645401695 0.6175994525017872 0.8097869179255541 1.0 1.191675859681136 1.5854163161332406
1390    0.41605747503833096 0.619315146242472 0.8107628736696031 1.0 1.1904981801397667 1.5813419642501765
1400    0.4181718271569036 0.6210122582739211 0.8117267314249644 1.0 1.1893376720156772 1.5773334292471355
1410    0.42026830462485193 0.622691074534992 0.8126787095704604 1.0 1.188193968198859 1.5733891585771862
1420    0.4223470973549518 0.6243518753274648 0.8136190213014897 1.0 1.1870667119147817 1.5695076476317127
1430    0.42440839335487324 0.6259949354521539 0.8145478747841614 1.0 1.1859555563620199 1.5656874379114487
1440    0.4264523787259567 0.6276205243410972 0.8154654733038627 1.0 1.1848601643651286 1.5619271152805692
1450    0.4284792376634241 0.6292289061859557 0.8163720154085032 1.0 1.1837802080420154 1.558225308299434
1460    0.43048915245793246 0.6308203400627477 0.8172676950466569 1.0 1.182715368485104 1.5545806866319252
1470    0.4324823034983742 0.632395080053041 0.8181527017008212 1.0 1.1816653354556208 1.5509919595234691
1480    0.4344588692758415 0.633953375361721 0.8190272205159941 1.0 1.1806298070903787 1.5474578743461433
1490    0.43641902638867186 0.6354954704314444 0.8198914324237626 1.0 1.1796084896204573 1.5439772152074254
1500    0.4383629495484993 0.6370216050538914 0.8207455142620937 1.0 1.1786010971012144 1.540548801619356
1510    0.440290811587242 0.6385320144779174 0.8215896388909936 1.0 1.1776073511531038 1.5371714872250968
1520    0.44220278346495306 0.6400269295147064 0.8224239753042146 1.0 1.1766269807127865 1.5338441585799851
1530    0.44409903427848 0.6415065766400244 0.8232486887371613 1.0 1.175659721794064 1.5305657339844174
1540    0.4459797312708656 0.6429711780936639 0.8240639407711509 1.0 1.1747053172581774 1.5273351623659748
1550    0.4478450398414381 0.6444209519761708 0.824869889434177 1.0 1.1737635165930467 1.524151422208411
1560    0.4496951235565367 0.6458561123429405 0.8256666892983081 1.0 1.1728340757010403 1.5210135205252069
1570    0.45153014416082377 0.647276869295767 0.82645449157386 1.0 1.1719167566948971 1.5179204918755536
1580    0.4533502615891366 0.648683429071925 0.8272334442004661 1.0 1.1710113277014287 1.5148713974207288
1590    0.4551556339788334 0.6500759941308617 0.8280036919351625 1.0 1.1701175626726552 1.5118653240189388
1600    0.4569464176825955 0.6514547632385771 0.828765376437613 1.0 1.1692352412040585 1.5089013833568234
1610    0.45872276728164396 0.6528199315497605 0.8295186363525712 1.0 1.1683641483596185 1.5059787111158836
1620    0.4604848355993346 0.6541716906877542 0.8302636073896948 1.0 1.167504074503357 1.5030964661722224
1630    0.4622327737150978 0.6555102288224126 0.831000422400809 1.0 1.1666548151370968 1.5002538298280415
1640    0.46396673097869146 0.6568357307459229 0.8317292114547158 1.0 1.1658161707441694 1.4974500050734458
1650    0.46568685502473284 0.6581483779466433 0.832450101909639 1.0 1.164987946638817 1.494684215877157
1660    0.4673932917874879 0.6594483486810282 0.8331632184833974 1.0 1.1641699528210503 1.4919557065048386
1670    0.46908618551588127 0.6607358180436911 0.8338686833213852 1.0 1.163362003836724 1.4892637408637723
1680    0.4707656787887116 0.662010958035665 0.8345666160624444 1.0 1.1625639186426222 1.4866076018727157
1690    0.4724319125300421 0.6632739376309142 0.8352571339027045 1.0 1.1617755204763294 1.483986590855816
1700    0.474085026024744 0.6645249228411482 0.8359403516574623 1.0 1.1609966367307047 1.4814000269595102
1710    0.47572515693417844 0.6657640767789915 0.8366163818211761 1.0 1.1602270988327605 1.4788472465914122
1720    0.4773524413119873 0.6669915597195527 0.8372853346256384 1.0 1.1594667421267628 1.4763276028802157
1730    0.4789670136199827 0.6682075291604479 0.8379473180963934 1.0 1.1587154057613922 1.473840465155705
1740    0.48056900674411196 0.6694121398803131 0.8386024381074635 1.0 1.1579729325807868 1.4713852184480045
1750    0.48215855201048846 0.6706055439958638 0.8392507984344415 1.0 1.1572391690193276 1.4689612630052453
1760    0.4837357792014644 0.67178789101753 0.8398925008060085 1.0 1.1565139650000005 1.4665680138288586
1770    0.4853008165717384 0.6729593279037158 0.8405276449539304 1.0 1.155797173836204 1.4642049002257513
1780    0.4868537908644819 0.674119999113725 0.8411563286615878 1.0 1.155088652136863 1.4618713653766555
1790    0.48839482732746964 0.6752700466593826 0.8417786478110874 1.0 1.1543882597147141 1.459566865919969
1800    0.48992404972920767 0.676409610155399 0.842394696429007 1.0 1.1536958594976523 1.4572908715504491
1810    0.49144158037504176 0.677538826868505 0.843004566730818 1.0 1.1530113174430008 1.4550428646321407
1820    0.4929475401232407 0.6786578317653991 0.8436083491640308 1.0 1.1523345024546088 1.4528223398249518
1830    0.4944420484010427 0.6797667575595343 0.8442061324501074 1.0 1.1516652863026589 1.4506288037243271
1840    0.4959252232206552 0.6808657347567809 0.8447980036251805 1.0 1.1510035435460824 1.4484617745134758
1850    0.4973971811952038 0.6819548916999992 0.8453840480796246 1.0 1.1503491514574888 1.4463207816276566
1860    0.49885803755461544 0.6830343546125416 0.8459643495965055 1.0 1.1497019899505043 1.4442053654300278
1870    0.5003079061614356 0.6841042476407297 0.84653899038896 1.0 1.1490619415094392 1.442115076898606
1880    0.5017468995265695 0.6851646928953211 0.8471080511365309 1.0 1.148428891121195 1.4400494773238894
1890    0.50317512882494 0.6862158104920012 0.847671611020493 1.0 1.147802726209322 1.4380081380167267
1900    0.5045927039110593 0.6872577185909219 0.8482297477582068 1.0 1.1471833365701543 1.435990640026022
1910    0.5059997333345065 0.6882905334353198 0.8487825376365269 1.0 1.1465706143109453 1.433996573865908
1920    0.5073963243553079 0.6893143693892312 0.849330055544299 1.0 1.14596445378993 1.432025539251998
1930    0.5087825829592142 0.6903293389743338 0.8498723750039727 1.0 1.1453647515582408 1.4300771448463854
1940    0.5101586138728703 0.6913355529059362 0.8504095682023578 1.0 1.1447714063036174 1.4281510080110413
1950    0.5115245205788758 0.6923331201281387 0.8509417060205534 1.0 1.1441843187958385 1.4262467545693005
1960    0.5128804053307292 0.6933221478481877 0.8514688580630757 1.0 1.1436033918338184 1.4243640185751183
1970    0.5142263691676568 0.6943027415700448 0.8519910926862057 1.0 1.1430285301943097 1.422502442089809
1980    0.5155625119293192 0.695275005127191 0.8525084770255875 1.0 1.142459640582152 1.42066167496599
1990    0.5168889322703949 0.6962390407146885 0.8530210770230956 1.0 1.1418966315820154 1.4188413746384507
2000    0.5182057276750389 0.6971949489205151 0.8535289574529945 1.0 1.1413394136115858 1.4170412059217035
2010    0.5195129944712136 0.6981428287561957 0.8540321819474165 1.0 1.1407878988761384 1.4152608408139506
2020    0.520810827844888 0.6990827776867455 0.8545308130211723 1.0 1.140242001324461 1.4134999583072543
2030    0.5220993218541075 0.7000148916599417 0.8550249120959184 1.0 1.1397016366060655 1.411758244203659
2040    0.523378569442929 0.7009392651349479 0.855514539523702 1.0 1.1391667220296604 1.41003539093707
2050    0.5246486624552237 0.7018559911102984 0.8559997546098995 1.0 1.138637176522826 1.408331097400664
2060    0.5259096916483396 0.7027651611512669 0.8564806156355669 1.0 1.138112920592863 1.4066450687796426
2070    0.5271617467066331 0.7036668654166299 0.8569571798792224 1.0 1.1375938762887698 1.404977016389132
2080    0.5284049162548591 0.7045611926848445 0.8574295036380748 1.0 1.137079967164309 1.4033266575170484
2090    0.5296392878714234 0.70544823037965 0.8578976422487169 1.0 1.1365711182421303 1.4016937152717468
2100    0.5308649481014973 0.7063280645951163 0.8583616501072979 1.0 1.1360672559789153 1.4000779184342962
2110    0.5320819824699928 0.7072007801201424 0.8588215806891893 1.0 1.1355683082315038 1.3984790013152042
2120    0.5332904754943968 0.7080664604624286 0.8592774865681647 1.0 1.13507420422398 1.3968967036154483
2130    0.5344905106974671 0.7089251878719287 0.8597294194350984 1.0 1.1345848745156746 1.3953307702916522
2140    0.5356821706197891 0.7097770433638003 0.860177430116204 1.0 1.1341002509700642 1.3937809514252772
2150    0.5368655368321895 0.7106221067408601 0.8606215685908264 1.0 1.1336202667245343 1.3922470020956763
2160    0.5380406899480142 0.7114604566155621 0.8610618840087924 1.0 1.1331448561609723 1.3907286822568903
2170    0.5392077096352639 0.7122921704315065 0.8614984247073427 1.0 1.1326739548771763 1.3892257566180486
2180    0.540366674628592 0.7131173244844926 0.8619312382276502 1.0 1.1322074996590414 1.3877379945272623
2190    0.5415176627411639 0.7139359939431263 0.8623603713309379 1.0 1.1317454284535082 1.3862651698588837
2200    0.5426607508763757 0.7147482528689936 0.8627858700142103 1.0 1.1312876803422411 1.3848070609040193
2210    0.5437960150394388 0.7155541742364097 0.8632077795256042 1.0 1.130834195516021 1.3833634502641947
2220    0.544923530348823 0.7163538299517551 0.8636261443793766 1.0 1.1303849152498253 1.3819341247480592
2230    0.5460433710475672 0.7171472908724071 0.8640410083705304 1.0 1.129939781878571 1.380518875271031
2240    0.5471556105144509 0.7179346268252798 0.8644524145890985 1.0 1.1294987387735127 1.3791174967577884
2250    0.5482603212750321 0.7187159066249759 0.8648604054340868 1.0 1.1290617303192567 1.377729788047511
2260    0.549357575012551 0.7194911980915665 0.8652650226270904 1.0 1.1286287018913905 1.3763555518017816
2270    0.550447442578699 0.7202605680680034 0.8656663072255911 1.0 1.1281995998346939 1.3749945944150643
2280    0.5515299940042572 0.721024082437174 0.8660642996359451 1.0 1.127774371441925 1.373646725927671
2290    0.552605298509601 0.7217818061386069 0.8664590396260657 1.0 1.1273529649331595 1.3723117599411427
2300    0.5536734245150748 0.7225338031848347 0.8668505663378162 1.0 1.1269353294356588 1.3709895135359593
2310    0.5547344396512386 0.7232801366774285 0.8672389182991144 1.0 1.1265214149642693 1.3696798071915122
2320    0.5557884107689822 0.7240208688227021 0.8676241334357591 1.0 1.1261111724023156 1.3683824647082616
2330    0.556835403949516 0.7247560609471023 0.868006249082988 1.0 1.1257045534829924 1.3670973131320157
2340    0.5578754845142327 0.7254857735122872 0.8683853019967684 1.0 1.1253015107712228 1.365824182680253
2350    0.5589087170344436 0.7262100661299015 0.8687613283648357 1.0 1.1249019976459826 1.364562906670443
2360    0.5599351653409912 0.726928997576057 0.8691343638174771 1.0 1.12450596828307 1.3633133214502768
2370    0.5609548925337392 0.7276426258055235 0.8695044434380779 1.0 1.12411337763831 1.3620752663297802
2380    0.5619679609909395 0.728351007965636 0.8698716017734257 1.0 1.1237241814311787 1.3608485835152164
2390    0.5629744323784773 0.7290542004099273 0.8702358728437871 1.0 1.1233383361288385 1.3596331180447534
2400    0.563974367659 0.72975225871149 0.8705972901527588 1.0 1.122955798930568 1.3584287177258214
2410    0.5649678271009233 0.730445237676076 0.8709558866969004 1.0 1.12257652775258 1.3572352330741204
2420    0.5659548702873236 0.7311331913549368 0.8713116949751529 1.0 1.1222004812132151 1.3560525172542204
2430    0.5669355561247118 0.7318161730574121 0.8716647469980507 1.0 1.121827618618492 1.3548804260217098
2440    0.5679099428516934 0.7324942353632747 0.8720150742967303 1.0 1.1214578999480207 1.3537188176668455
2450    0.5688780880475158 0.7331674301348312 0.8723627079317434 1.0 1.121091285841255 1.3525675529596606
2460    0.5698400486405001 0.7338358085287894 0.8727076785016749 1.0 1.1207277375840758 1.3514264950964747
2470    0.5707958809163661 0.7344994210078966 0.8730500161515772 1.0 1.1203672170957037 1.350295509647789
2480    0.5717456405264437 0.7351583173523509 0.873389750581219 1.0 1.120009686915924 1.349174464507498
2490    0.5726893824957768 0.7358125466709938 0.8737269110531571 1.0 1.1196551101926184 1.3480632298433963
2500    0.573627161231121 0.7364621574122879 0.8740615264006355 1.0 1.1193034506695962 1.3469616780489402
2510    0.5745590305288327 0.7371071973750837 0.8743936250353134 1.0 1.118954672674712 1.3458696836962178
2520    0.5754850435826546 0.7377477137191808 0.8747232349548303 1.0 1.1186087411082672 1.3447871234901072
2530    0.5764052529913987 0.7383837529756903 0.8750503837502087 1.0 1.118265621431688 1.3437138762235736
2540    0.5773197107665226 0.7390153610571948 0.8753750986131006 1.0 1.117925279656462 1.342649822734083
2550    0.5782284683396101 0.739642583267723 0.8756974063428798 1.0 1.117587682333342 1.341594845861095
2560    0.5791315765697458 0.74026546431253 0.8760173333535868 1.0 1.1172527965417975 1.3405488304046032
2570    0.5800290857507965 0.7408840483076973 0.8763349056807259 1.0 1.116920589879713 1.3395116630847013
2580    0.5809210456185907 0.7414983787895515 0.8766501489879226 1.0 1.116591030453324 1.3384832325021323
2590    0.5818075053580024 0.7421084987239042 0.8769630885734384 1.0 1.116264086867384 1.3374634290998029
2600    0.5826885136099426 0.7427144505151249 0.8772737493765554 1.0 1.1159397282155636 1.336452145125236
2610    0.583564118478252 0.7433162760150384 0.8775821559838244 1.0 1.11561792407106 1.3354492745939268
2620    0.5844343675365051 0.7439140165316623 0.8778883326351863 1.0 1.1152986444774282 1.3344547132535853
2630    0.5852993078347193 0.7445077128377798 0.878192303229967 1.0 1.1149818599396188 1.3334683585492406
2640    0.5861589859059759 0.7450974051793546 0.8784940913327497 1.0 1.1146675414152156 1.332490109589171
2650    0.58701344777295 0.745683133283793 0.8787937201791276 1.0 1.1143556603058757 1.3315198671116562
2660    0.5878627389543527 0.7462649363680499 0.8790912126813378 1.0 1.1140461884489585 1.3305575334525115
2670    0.588706904471287 0.7468428531465918 0.8793865914337841 1.0 1.1137390981093438 1.3296030125133944
2680    0.5895459888535166 0.7474169218392104 0.8796798787184441 1.0 1.1134343619714313 1.3286562097308534
2690    0.5903800361456494 0.7479871801786941 0.8799710965101712 1.0 1.11313195313132 1.3277170320461065
2700    0.5912090899132394 0.7485536654183635 0.8802602664818873 1.0 1.1128318450891581 1.326785387875527
2710    0.5920331932488041 0.7491164143394653 0.8805474100096728 1.0 1.1125340117416633 1.325861187081811
2720    0.5928523887777605 0.749675463258438 0.8808325481777544 1.0 1.1122384273748094 1.3249443409458213
2730    0.5936667186642817 0.7502308480340424 0.881115701783395 1.0 1.1119450666566677 1.3240347621390764
2740    0.5944762246170727 0.7507826040743657 0.8813968913416842 1.0 1.1116539046304112 1.3231323646968765
2750    0.5952809478950694 0.7513307663437013 0.8816761370902366 1.0 1.1113649167074673 1.3222370639920433
2760    0.5960809293130588 0.7518753693693031 0.8819534589937962 1.0 1.111078078660819 1.3213487767092642
2770    0.5968762092472243 0.7524164472480213 0.8822288767487502 1.0 1.110793366618452 1.3204674208200162
2780    0.5976668276406142 0.7529540336528184 0.8825024097875549 1.0 1.1105107570569415 1.31959291555806
2790    0.5984528240085386 0.7534881618391738 0.8827740772830758 1.0 1.1102302267951805 1.3187251813954926
2800    0.5992342374438889 0.754018864651368 0.8830438981528415 1.0 1.1099517529882341 1.3178641400193307
2810    0.6000111066223904 0.7545461745286635 0.8833118910632166 1.0 1.1096753131213333 1.3170097143086286
2820    0.6007834698077791 0.7550701235113719 0.8835780744334938 1.0 1.1094008850039936 1.3161618283121024
2830    0.6015513648569115 0.7555907432468172 0.8838424664399064 1.0 1.109128446764254 1.3153204072262548
2840    0.602314829224802 0.7561080649951922 0.8841050850195636 1.0 1.1088579768430427 1.3144853773739826
2850    0.6030738999695954 0.7566221196353166 0.8843659478743122 1.0 1.1085894539886587 1.3136566661836642
2860    0.6038286137574698 0.7571329376702898 0.8846250724745209 1.0 1.1083228572513697 1.3128342021687
2870    0.6045790068674726 0.7576405492330492 0.8848824760627972 1.0 1.108058165978121 1.3120179149075069
2880    0.6053251151962945 0.7581449840918334 0.8851381756576299 1.0 1.107795359807359 1.311207735023951
2890    0.6060669742629735 0.7586462716555444 0.8853921880569645 1.0 1.1075344186639564 1.3104035941682042
2900    0.6068046192135399 0.7591444409790259 0.8856445298417114 1.0 1.1072753227542445 1.3096054249980207
2910    0.6075380848255959 0.7596395207682444 0.8858952173791855 1.0 1.1070180525611495 1.3088131611604144
2920    0.608267405512834 0.7601315393853842 0.8861442668264855 1.0 1.1067625888394277 1.3080267372737346
2930    0.6089926153294942 0.7606205248538559 0.8863916941338061 1.0 1.1065089126109944 1.3072460889101292
2940    0.6097137479747617 0.7611065048632165 0.8866375150476908 1.0 1.106257005160355 1.3064711525783779
2950    0.6104308367971033 0.7615895067740099 0.8868817451142236 1.0 1.1060068480301228 1.3057018657070985
2960    0.6111439147985472 0.7620695576225216 0.8871243996821607 1.0 1.1057584230166313 1.3049381666283062
2970    0.6118530146389046 0.7625466841254547 0.8873654939060057 1.0 1.1055117121656328 1.3041799945613237
2980    0.6125581686399328 0.7630209126845264 0.8876050427490275 1.0 1.1052666977680847 1.3034272895970318
2990    0.6132594087894446 0.7634922693909874 0.8878430609862217 1.0 1.10502336235602 1.3026799926824484
3000    0.6139567667453607 0.763960780030065 0.8880795632072203 1.0 1.1047816886985005 1.301938045605637
