 100    0.0359727537383684 1.0 9.191744101635058 50.807861166274535 208.00977662256722 2015.2372555950935
 110    0.0456620434245783 1.0 7.839613860656782 38.33848380038478 141.86668638421085 1168.0785228234608
 120    0.05595066785965231 1.0 6.84651616783515 30.164851712240505 102.41773590345495 734.3757776069211
 130    0.06667930073843392 1.0 6.0912952428600695 24.526512534668303 77.31829073701572 492.13657248272864
 140    0.07771465984447459 1.0 5.50055433962239 20.47403566138221 60.49858895544285 347.09150197500526
 150    0.08894699561743792 1.0 5.027602419008097 17.46166788467983 48.739296328257254 255.18787540092444
 160    0.10028693381729699 1.0 4.641506772511266 15.158805391404027 40.22352372968342 194.16901492687907
 170    0.11166231929732835 1.0 4.321062329615143 13.35620017367033 33.87140069196137 152.03855147303503
 180    0.12301533997291665 1.0 4.051303252713688 11.916398685962397 29.01239003412441 121.96866982419013
 190    0.13430002518069398 1.0 3.8213990786692524 10.746183340759794 25.214236033811975 99.88884643183908
 200    0.14548012507168967 1.0 3.6233393240198475 9.780564602777854 22.189116138732103 83.27355371180944
 210    0.15652733987418196 1.0 3.4510848507600014 8.973124153839315 19.73988673135126 70.50055936439924
 220    0.16741985460422762 1.0 3.300005085193197 8.289993623530185 17.72811601289575 60.49571470268128
 230    0.1781411331380038 1.0 3.1664956130080992 7.7059892172151185 16.054435021981185 52.52846369787007
 240    0.1886789289648661 1.0 3.04771265348632 7.202065317509798 14.646101276561282 46.08997080078231
 250    0.19902447519942845 1.0 2.9413850828274044 6.763597762042101 13.448919111212023 40.81821569929476
 260    0.20917182201521564 1.0 2.8456790162062675 6.379202166290566 12.421865926534899 36.45066869905352
 270    0.21911729488963033 1.0 2.759098700863643 6.039905113926604 11.533441701339871 32.79364102198615
 280    0.22885905165881731 1.0 2.6804129350703207 5.7385528420060865 10.759141120584324 29.701984850462328
 290    0.2383967203132744 1.0 2.6085997175363653 5.469382752073021 10.079672244424096 27.0653719420313
 300    0.24773110275522972 1.0 2.542804106779344 5.227708455733134 9.479681044830473 24.798845313472718
 310    0.2568639324585933 1.0 2.4823057806497504 5.009685221053564 8.946824676855673 22.83620194547208
 320    0.2657976762034427 1.0 2.426493806532912 4.812133173680413 8.471088994430795 21.12528546202398
 330    0.2745353718784912 1.0 2.374846832708067 4.632402535291083 8.044279642945236 19.624589089199187
 340    0.28308049582766776 1.0 2.3269173984996265 4.468269834968322 7.65963818349235 18.300771450576008
 350    0.2914368544218353 1.0 2.2823194044554334 4.3178572014138945 7.31154941510462 17.126817447990735
 360    0.29960849551511937 1.0 2.240718029156833 4.179569037375533 6.9953159956401585 16.08066108758571
 370    0.3075996362398198 1.0 2.201821556522325 4.05204191426089 6.706983266893916 15.144143204214817
 380    0.3154146042392788 1.0 2.165374706905996 3.9341046145841645 6.4432019132538025 14.302214783267843
 390    0.32305778996277734 1.0 2.13115316077194 3.8247460315043593 6.20111940333577 13.542322334992416
 400    0.330533608073546 1.0 2.098959034825763 3.7230892013959216 5.978293524938049 12.85392958128649
 410    0.3378464663689295 1.0 2.0686171239026314 3.628370160399986 5.7726230209297285 12.228142174313126
 420    0.3450007408956701 1.0 2.039971762383209 3.5399206227255022 5.582291566480359 11.657410985410031
 430    0.3520007561753024 1.0 2.01288418981535 3.4571537073408183 5.405722232167519 11.135295812774872
 440    0.35885076964457285 1.0 1.9872303291985642 3.3795521118670475 5.241540246672965 10.656275917193605
 450    0.3655549595714954 1.0 1.9628989048136358 3.306658263038719 5.088542372345775 10.215597123254124
 460    0.37211741583551505 1.0 1.9397898408529461 3.238066072844823 4.945671582917911 9.809147674248798
 470    0.378542133065421 1.0 1.9178128933908762 3.1734140062219267 4.811996017864019 9.43335684914882
 480    0.3848330057152938 1.0 1.896886477146078 3.112379225642116 4.686691405823815 9.085111712892878
 490    0.39099382473027927 1.0 1.8769366555675273 3.054672624314963 4.569026317189818 8.761688399563722
 500    0.39702827551307485 1.0 1.857896268431775 3.000034596111109 4.458349735847105 8.460695109640197
 510    0.4029399369509326 1.0 1.839704175680247 2.94823141903495 4.354080541294852 8.180024600752878
 520    0.40873228130354405 1.0 1.8223045998904983 2.8990521518685584 4.255698571773831 7.9178144123053675
 530    0.4144086747858284 1.0 1.8056465527474121 2.8523059617981494 4.162737001644282 7.672413421717946
 540    0.4199723787076366 1.0 1.7896833333015605 2.807819815422946 4.074775815920488 7.442353608840798
 550    0.42542655105567917 1.0 1.7743720877830822 2.7654364773045286 3.9914362044611904 7.226326123816428
 560    0.43077424842238105 1.0 1.759673422367372 2.7250127697363475 3.9123757300392294 7.023160926231634
 570    0.43601842820257214 1.0 1.745551061631968 2.6864180551581995 3.83728415005619 6.831809400256088
 580    0.4411619509924249 1.0 1.7319715465564682 2.6495329089679194 3.7658797923280516 6.651329459554414
 590    0.4462075831363518 1.0 1.718903966842183 2.6142479556732026 3.697906402153477 6.480872743138481
 600    0.4511579993770189 1.0 1.706319723099841 2.5804628456016143 3.6331303915721236 6.319673573643376
 610    0.4560157855715297 1.0 1.694192315099777 2.54808535292147 3.5713384329409417 6.167039406349814
 620    0.4607834414434506 1.0 1.6824971528217718 2.5170305786594245 3.512335348185306 6.022342543418595
 630    0.4654633833458851 1.0 1.671211387499105 2.487220244843347 3.4559422527015005 5.885012925417358
 640    0.4700579470154343 1.0 1.6603137602380889 2.458582067940252 3.4019949192009338 5.754531843004546
 650    0.47456939030076833 1.0 1.6497844661222314 2.4310492014705045 3.3503423320369876 5.630426436927456
 660    0.4789998958527728 1.0 1.6396050319889788 2.404559739118901 3.3008454069361775 5.512264875347017
 670    0.4833515737659522 1.0 1.6297582063048142 2.379056270877657 3.2533758547227087 5.399652114761369
 680    0.48762646416304056 1.0 1.6202278597677584 2.3544854857839486 3.20781517070523 5.2922261651325915
 690    0.49182653971665635 1.0 1.6109988954406451 2.3307978156866684 3.1640537339887076 5.18965479176195
 700    0.49595370810341843 1.0 1.6020571673683577 2.3079471152191786 3.1219900031659957 5.091632596440042
 710    0.5000098143872498 1.0 1.5933894067613055 2.285890373788039 3.081529796700568 4.997878428766559
 720    0.5039966433296749 1.0 1.5849831549388773 2.2645874559293615 3.0425856478893305 4.908133085571814
 730    0.5079159216258196 1.0 1.5768267023231373 2.2440008668490514 3.0050762256383647 4.822157262307574
 740    0.5117693200655561 1.0 1.56890903285673 2.22409554036259 2.968925813432162 4.739729725294774
 750    0.5155584556198386 1.0 1.5612197732917847 2.2048386467942422 2.934063839859623 4.660645677973031
 760    0.5192848934527695 1.0 1.5537491468600084 2.1861994186928757 2.9004244549035874 4.584715297916998
 770    0.5229501488603251 1.0 1.5464879308895425 2.168148992478968 2.8679461469262977 4.511762424470782
 780    0.5265556891369968 1.0 1.539427417982614 2.1506602643606443 2.836571395908967 4.441623379489128
 790    0.530102935371837 1.0 1.5325593804104443 2.1337077590507576 2.8062463590443696 4.374145905933514
 800    0.5335932641756086 1.0 1.525876037419189 2.117267509986084 2.776920585249769 4.309188211011482
 810    0.5370280093408715 1.0 1.5193700251734747 2.1013169498973636 2.748546755573986 4.246618102217323
 820    0.5404084634369501 1.0 1.5130343690929968 2.08583481070798 2.7210804468259284 4.186312206072451
 830    0.5437358793417986 1.0 1.506862458363177 2.070801031852228 2.6944799160599615 4.128155260608683
 840    0.5470114717128282 1.0 1.5008480224234373 2.0561966762033648 2.6687059038225045 4.07203947371607
 850    0.5502364183987851 1.0 1.4949851092566422 2.0420038528890077 2.6437214542994565 4.017863940412785
 860    0.5534118617947712 1.0 1.4892680653209855 2.0282056463483094 2.6194917507102766 3.965534112908537
 870    0.556538910142491 1.0 1.4836915169813576 2.014786051053242 2.5959839644755323 3.914961318042273
 880    0.5596186387777907 1.0 1.4782503533112612 2.001729911376289 2.573167116843887 3.866062317293965
 890    0.5626520913275113 1.0 1.472939710148816 1.9890228661399376 2.5510119518047385 3.818758905111816
 900    0.5656402808576554 1.0 1.4677549553015696 1.9766512974304482 2.5294908192364347 3.7729775417705964
 910    0.5685841909748061 1.0 1.4626916748047754 1.9646022833001848 2.5085775673493074 3.728649017393118
 920    0.5714847768826921 1.0 1.4577456601467351 1.9528635540199446 2.4882474435795845 3.6857081441329202
 930    0.5743429663957408 1.0 1.4529128963827869 1.9414234515758408 2.4684770031760013 3.6440934738384825
 940    0.5771596609114031 1.0 1.4481895510666956 1.9302708921348297 2.449244024797131 3.603747038803562
 950    0.579935736342967 1.0 1.443571963934637 1.9193953312292968 2.430527432505162 3.564614113459342
 960    0.582672044014537 1.0 1.4390566372827833 1.9087867314347509 2.4123072236021468 3.526642995086233
 970    0.5853694115197731 1.0 1.4346402269846936 1.8984355323357345 2.3945644018085384 3.4897848018199906
 980    0.5880286435459432 1.0 1.4303195340994372 1.888332622594015 2.3772809153318026 3.453993286401481
 990    0.5906505226647704 1.0 1.426091497025622 1.878469313950106 2.360439599415815 3.4192246642746
1000    0.5932358100915066 1.0 1.4219531841603392 1.8688373170044392 2.3440241230001897 3.385437454774983
1010    0.5957852464136005 1.0 1.4179017870255128 1.8594287186382428 2.328018939153064 3.3525923342751662
1020    0.5982995522902766 1.0 1.4139346138272912 1.850235960946586 2.3124092389718465 3.3206520002616613
1030    0.6007794291242847 1.0 1.410049083416964 1.841251821567178 2.2971809086740937 3.289581045417498
1040    0.6032255597070236 1.0 1.406242719624495 1.8324693952986364 2.2823204896257354 3.259345840871503
1050    0.6056386088382011 1.0 1.402513145938095 1.823882076911025 2.2678151410763294 3.229914427854216
1060    0.6080192239211265 1.0 1.3988580805054096 1.8154835450597206 2.253652605391292 3.201256417070765
1070    0.6103680355347014 1.0 1.3952753314338573 1.8072677472211438 2.2398211755893658 3.1733428951643035
1080    0.612685657983111 1.0 1.3917627923693956 1.799228885575655 2.2263096650101333 3.1461463377005163
1090    0.6149726898241904 1.0 1.3883184383346598 1.7913614037690888 2.2131073789513342 3.1196405281548194
1100    0.6172297143773793 1.0 1.384940321808847 1.7836599744899542 2.2002040881292695 3.0938004824300256
1110    0.6194573002121563 1.0 1.3816265690331155 1.7761194878044548 2.187590003827911 3.068602378473809
1120    0.6216560016177859 1.0 1.3783753765264717 1.768735040196077 2.1752557546134135 3.044023490602849
1130    0.6238263590551878 1.0 1.3751850077982652 1.7615019242607237 2.163192364500873 3.020042128174457
1140    0.6259688995916952 1.0 1.372053790244448 1.7544156190122233 2.151391232469401 2.9966375782772023
1150    0.6280841373194299 1.0 1.3689801122156922 1.747471780756548 2.1398441132298758 2.9737900521398193
1160    0.630172573758001 1.0 1.3659624202463498 1.7406662344962833 2.1285430991574623 2.951480634982937
1170    0.63223469824219 1.0 1.3629992164340325 1.7339949658298341 2.1174806033078455 2.929691239060985
1180    0.6342709882952592 1.0 1.3600890559603065 1.727454113312519 2.1066493434425175 2.908404559662448
1190    0.6362819099884953 1.0 1.357230544743714 1.7210399612491927 2.096042326994245 2.887604033855495
1200    0.6382679182875631 1.0 1.354422337216922 1.7147489328902623 2.08565283690912 2.8672738017832295
1210    0.6402294573862272 1.0 1.3516631342203789 1.708577584005054 2.075474418306447 2.8473986703284186
1220    0.6421669610279707 1.0 1.34895168100541 1.702522596808375 2.065500865902161 2.827964078981868
1230    0.6440808528160131 1.0 1.3462867653401465 1.6965807742178707 2.0557262121455335 2.80895606776163
1240    0.6459715465122083 1.0 1.3436672157121379 1.6907490344213645 2.0461447160226234 2.790361247042064
1250    0.6478394463252871 1.0 1.3410918996219343 1.685024405734879 2.036750852483386 2.7721667691627427
1260    0.6496849471888783 1.0 1.338559721962277 1.6794040217333557 2.0275393024524737 2.7543603016970155
1270    0.6515084350297304 1.0 1.3360696234779297 1.6738851166373858 2.018504943386644 2.7369300022692533
1280    0.6533102870265328 1.0 1.3336205793014675 1.6684650209403875 2.009642840344358 2.7198644948180557
1290    0.6550908718597184 1.0 1.331211597560697 1.66314115726176 2.0009482375355887 2.7031528472103874
1300    0.6568505499526133 1.0 1.3288417180536194 1.657911036412513 1.9924165503221174 2.6867845501186194
1310    0.658589673704282 1.0 1.3265100109871368 1.652772253660789 1.9840433576406586 2.6707494970788903
1320    0.6603085877144005 1.0 1.3242155757759393 1.647722485185537 1.9758243948230831 2.6550379656551057
1330    0.662007629000476 1.0 1.3219575398982324 1.6427594847073828 1.967755546789771 2.6396405996383936
1340    0.6636871272077162 1.0 1.319735057805179 1.637881080286448 1.9598328415937465 2.624548392216763
1350    0.66534740481184 1.0 1.317547309881126 1.6330851712775647 1.9520524442947869 2.6097526700544056
1360    0.666988777315106 1.0 1.3153935014518623 1.6283697254339147 1.944410651144052 2.5952450782242895
1370    0.6686115534358253 1.0 1.313272861838332 1.6237327761507505 1.9369038840611101 2.5810175659416217
1380    0.6702160352916102 1.0 1.311184643453373 1.619172419841331 1.9295286853864035 2.567062373049388
1390    0.6718025185766047 1.0 1.309128120939216 1.614686813437764 1.9222817128933372 2.553372017210532
1400    0.6733712927329253 1.0 1.3071025903435893 1.6102741720098412 1.9151597350451568 2.5399392817643744
1410    0.6749226411165382 1.0 1.3051073683324363 1.6059327664954433 1.9081596264827922 2.5267572042077986
1420    0.6764568411577782 1.0 1.303141791437331 1.601660921536453 1.9012783637306767 2.5138190652643195
1430    0.6779741645167219 1.0 1.301205215335834 1.5974570134144994 1.8945130211084031 2.501118378506622
1440    0.6794748772336032 1.0 1.2992970141630935 1.5933194680811988 1.8878607668368486 2.4886488805004374
1450    0.6809592398744565 1.0 1.2974165798531214 1.5892467592778874 1.8813188593280763 2.476404521439662
1460    0.6824275076721713 1.0 1.2955633215082496 1.5852374067401347 1.8748846436490292 2.464379456244691
1470    0.6838799306631237 1.0 1.2937366647953683 1.581289974482608 1.868555548149601 2.4525680360975968
1480    0.6853167538195502 1.0 1.2919360513676161 1.5774030691601257 1.8623290812462905 2.4409648003896107
1490    0.6867382171778227 1.0 1.2901609383102761 1.5735753385009805 1.8562028283531413 2.429564469057826
1500    0.6881445559627671 1.0 1.2884107976096972 1.5698054698088317 1.8501744489521763 2.418361935289506
1510    0.6895360007081818 1.0 1.2866851156441224 1.5660921885297003 1.8442416737960277 2.4073522585738063
1520    0.6909127773736781 1.0 1.2849833926953804 1.5624342568807836 1.8384023022358629 2.39653065808185
1530    0.6922751074579897 1.0 1.283305142480433 1.5588304725379938 1.8326541996681271 2.385892506357391
1540    0.6936232081088682 1.0 1.281649891701843 1.5552796673793152 1.8269952950940112 2.375433323301286
1550    0.694957292229689 1.0 1.2800171796162811 1.5517807062812226 1.8214235787858895 2.3651487704340974
1560    0.6962775685828841 1.0 1.2784065576202068 1.5483324859655645 1.8159371000553166 2.3550346454220286
1570    0.6975842418903144 1.0 1.27681758885195 1.5449339338944608 1.810533965117485 2.345086876852314
1580    0.698877512930687 1.0 1.2752498478094216 1.541584007210891 1.8052123350473142 2.3353015192450095
1590    0.7001575786341214 1.0 1.2737029199827423 1.5382816917227955 1.7999704238226464 2.3256747482888858
1600    0.7014246321739636 1.0 1.2721764015011137 1.5350260009285985 1.7948064964502513 2.316202856289855
1610    0.7026788630559426 1.0 1.2706698987932816 1.5318159750822131 1.7897188671705884 2.3068822478210316
1620    0.7039204572047598 1.0 1.269183028260989 1.5286506802956639 1.784705897737516 2.297709435564176
1630    0.7051495970482003 1.0 1.267715415964835 1.5255292076775735 1.7797659957693213 2.2886810363328176
1640    0.7063664615988482 1.0 1.26626669732199 1.522450672505847 1.7748976131676524 2.279793767267952
1650    0.7075712265334893 1.0 1.26483651681525 1.5194142134329944 1.7700992446011374 2.2710444421977023
1660    0.7087640642702764 1.0 1.2634245277129266 1.5164189917225723 1.7653694260506114 2.262429968152805
1670    0.7099451440437319 1.0 1.2620303917991105 1.5134641905153614 1.7607067334130766 2.2539473420302683
1680    0.7111146319776624 1.0 1.2606537791138546 1.5105490141239117 1.7561097811616444 2.245593647397943
1690    0.7122726911560512 1.0 1.2592943677028543 1.5076726873541964 1.7515772210588676 2.2373660514331806
1700    0.7134194816919937 1.0 1.2579518433762193 1.504834454853164 1.7471077409210067 2.229261801989077
1710    0.7145551607947469 1.0 1.2566258994759507 1.502033580481036 1.7427000634308962 2.2212782247822207
1720    0.7156798828349459 1.0 1.2553162366517627 1.4992693467072749 1.7383529449972042 2.213412720696138
1730    0.7167937994080498 1.0 1.2540225626448878 1.496541054029164 1.7340651746579843 2.2056627631949524
1740    0.7178970593960767 1.0 1.252744592079553 1.49384802041205 1.7298355730265444 2.198025895842103
1750    0.7189898090276783 1.0 1.2514820462617855 1.4911895807502717 1.7256629912777237 2.190499729919181
1760    0.7200721919366087 1.0 1.2502346529852706 1.488565086347925 1.721546310172807 2.1830819421402596
1770    0.7211443492186398 1.0 1.249002146343961 1.4859739044185978 1.7174844391213648 2.175770272457303
1780    0.7222064194869687 1.0 1.2477842665511598 1.4834154176032663 1.713476315278399 2.1685625219524685
1790    0.7232585389261669 1.0 1.2465807597648328 1.4808890235056087 1.7095209026752622 2.1614565508133645
1800    0.7243008413447172 1.0 1.2453913779188832 1.4783941342439813 1.7056171913828977 2.1544502763874833
1810    0.72533345822618 1.0 1.2442158785601614 1.4759301760193846 1.7017641967059907 2.147541671312265
1820    0.7263565187790313 1.0 1.2430540246909763 1.4734965886987417 1.6979609584067277 2.1407287617173907
1830    0.7273701499852164 1.0 1.2419055846168994 1.471092825412869 1.694206539956899 2.1340096254961107
1840    0.7283744766474549 1.0 1.2407703317996455 1.4687183521685379 1.69050002781715 2.1273823906425484
1850    0.7293696214353358 1.0 1.2396480447148404 1.46637264747404 1.6868405307422334 2.12084523365207
1860    0.7303557049302416 1.0 1.2385385067144794 1.4640552019777402 1.6832271791111952 2.1143963779819956
1870    0.7313328456691324 1.0 1.2374415058939028 1.4617655181190585 1.6796591242814367 2.1080340925699965
1880    0.732301160187228 1.0 1.2363568349631104 1.4595031097914135 1.6761355379656888 2.1017566904077163
1890    0.7332607630596194 1.0 1.2352842911222515 1.4572675020166361 1.6726556116309437 2.095562527167229
1900    0.734211766941841 1.0 1.2342236759411367 1.4550582306304114 1.6692185559184602 2.0894499998780955
1910    0.735154282609433 1.0 1.2331747952426095 1.4528748419783 1.665823600083977 2.0834175456528548
1920    0.7360884189965281 1.0 1.232137458989648 1.4507168926219436 1.6624699914573302 2.0774636404589217
1930    0.7370142832334852 1.0 1.231111481176046 1.448583949055046 1.6591569949206884 2.071586797934942
1940    0.7379319806836017 1.0 1.2300966797205428 1.4464755874287591 1.6558838924046717 2.0657855682497455
1950    0.7388416149789303 1.0 1.229092876364284 1.444391393286107 1.6526499824016363 2.0600585370021407
1960    0.7397432880552249 1.0 1.22809989657148 1.4423309613051096 1.6494545794954554 2.0544043241598597
1970    0.740637100186042 1.0 1.22711756943315 1.4402938950502688 1.6462970139071462 2.0488215830360503
1980    0.7415231500160201 1.0 1.2261457275738439 1.4382798067321056 1.6431766310557288 2.0433089993017934
1990    0.7424015345933619 1.0 1.225184207061228 1.4362883169744423 1.6400927911337178 2.037865290033164
2000    0.7432723494015414 1.0 1.224232847318437 1.4343190545891442 1.637044868696698 2.0324892027914783
2010    0.7441356883902577 1.0 1.2232914910390924 1.4323716563580406 1.6340322522664235 2.0271795147353515
2020    0.7449916440056544 1.0 1.2223599841048896 1.4304457668217563 1.6310543439469425 2.021935031763341
2030    0.7458403072198307 1.0 1.2214381755056698 1.4285410380752117 1.6281105590532465 2.0167545876859334
2040    0.7466817675596557 1.0 1.2205259172618823 1.4266571295695294 1.6252003257519652 2.0116370434257296
2050    0.747516113134915 1.0 1.2196230643493602 1.42479370792013 1.622323084713665 2.006581286244718
2060    0.7483434306657953 1.0 1.2187294746263233 1.4229504467207856 1.6194782887763124 2.0015862289975828
2070    0.7491638055097408 1.0 1.2178450087625368 1.4211270263634141 1.6166654026194893 1.996650809410029
2080    0.7499773216876828 1.0 1.216969530170546 1.4193231338634165 1.613883902448958 1.9917739893811706
2090    0.7507840619096716 1.0 1.2161029049389256 1.4175384626903542 1.6111332756912062 1.9869547543090431
2100    0.7515841075999175 1.0 1.2152450017674588 1.4157727126037718 1.6084130206975926 1.9821921124383657
2110    0.7523775389212669 1.0 1.2143956919041985 1.4140255894939984 1.6057226464577548 1.9774850942297098
2120    0.7531644347991175 1.0 1.213554849084339 1.4122968052277374 1.6030616723219433 1.9728327517492552
2130    0.7539448729447964 1.0 1.2127223494708348 1.410586077498287 1.6004296277319514 1.9682341580783649
2140    0.7547189298784099 1.0 1.21189807159671 1.408893129680223 1.5978260519603402 1.9636884067422378
2150    0.7554866809511828 1.0 1.2110818963090126 1.4072176906884015 1.595250493857669 1.959194611156928
2160    0.7562482003672969 1.0 1.2102737067143388 1.405559494841117 1.5927025116074265 1.954751904094047
2170    0.7570035612052451 1.0 1.2094733881258966 1.4039182817272864 1.5901816724884152 1.9503594371625
2180    0.7577528354387115 1.0 1.2086808280120442 1.4022937960775148 1.5876875526443086 1.9460163803066322
2190    0.7584960939569917 1.0 1.2078959159462626 1.4006857876389156 1.5852197368601442 1.9417219213201857
2200    0.7592334065849617 1.0 1.2071185435585114 1.3990940110535537 1.5827778183454968 1.9374752653754872
2210    0.7599648421026131 1.0 1.2063486044879277 1.397518225740394 1.5803613985241156 1.9332756345673272
2220    0.7606904682641572 1.0 1.2055859943368208 1.3959581957806353 1.5779700868297923 1.9291222674709918
2230    0.76141035181672 1.0 1.2048306106259254 1.3944136898063206 1.5756035005082476 1.92501441871395
2240    0.7621245585186261 1.0 1.2040823527508668 1.3928844808921093 1.5732612644248363 1.9209513585606972
2250    0.7628331531572918 1.0 1.203341121939811 1.3913703464501133 1.5709430108778686 1.9169323725103065
2260    0.7635361995667342 1.0 1.2026068212122478 1.3898710681276945 1.56864837941736 1.9129567609062246
2270    0.7642337606447013 1.0 1.2018793553388851 1.3883864317081218 1.5663770166690214 1.909023838557887
2280    0.764925898369441 1.0 1.2011586308026114 1.3869162270140047 1.5641285761633255 1.905132934373746
2290    0.7656126738161115 1.0 1.2004445557604924 1.385460247813403 1.5619027181694698 1.901283391005303
2300    0.7662941471728445 1.0 1.1997370400067817 1.3840182917285397 1.5596991095340798 1.89747456450178
2310    0.7669703777564699 1.0 1.1990359949368956 1.3825901601470139 1.5575174235244895 1.893705823975044
2320    0.767641424027908 1.0 1.198341333512339 1.3811756581354557 1.555357339676458 1.8899765512744504
2330    0.7683073436072414 1.0 1.197652970226545 1.3797745943555302 1.553218543646169 1.8862861406712623
2340    0.7689681932884717 1.0 1.1969708210716017 1.3783867809822237 1.5511007270663788 1.8826339985523106
2350    0.7696240290539683 1.0 1.196294803505843 1.3770120336243372 1.5490035874065737 1.8790195431226033
2360    0.7702749060886188 1.0 1.195624836422269 1.3756501712471199 1.5469268278370136 1.875442204116553
2370    0.7709208787936856 1.0 1.194960840117783 1.3743010160969724 1.544870157096529 1.8719014225175712
2380    0.7715620008003797 1.0 1.1943027362632095 1.372964393628162 1.542833289363961 1.8683966502857123
2390    0.7721983249831523 1.0 1.1936504478740775 1.3716401324314809 1.5408159441331195 1.8649273500931327
2400    0.7728299034727196 1.0 1.193003899282143 1.3703280641647912 1.538817846091152 1.8614929950670844
2410    0.7734567876688169 1.0 1.1923630161076295 1.3690280234853978 1.5368387250002156 1.8580930685402064
2420    0.7740790282526983 1.0 1.191727725232166 1.367739847984194 1.5348783155823522 1.8547270638078712
2430    0.7746966751993808 1.0 1.1910979547724034 1.3664633781215278 1.5329363574074535 1.8513944838923604
2440    0.7753097777896408 1.0 1.190473634054282 1.3651984571647282 1.531012594784234 1.8480948413136378
2450    0.7759183846217743 1.0 1.1898546935879486 1.3639449311272565 1.529106776654118 1.8448276578665261
2460    0.7765225436231142 1.0 1.1892410650432812 1.36270264870942 1.5272186564879358 1.8415924644040542
2470    0.7771223020613238 1.0 1.1886326812260224 1.361471461240606 1.525347992185359 1.8383888006268043
2480    0.7777177065554631 1.0 1.188029476054497 1.3602512226229961 1.5234945459769846 1.8352162148780502
2490    0.7783088030868345 1.0 1.1874313845368953 1.3590417892767097 1.5216580843289877 1.8320742639445096
2500    0.7788956370096172 1.0 1.186838342749112 1.3578430200863365 1.5198383778502624 1.8289625128625324
2510    0.7794782530612887 1.0 1.1862502878131176 1.3566547763488206 1.518035201201979 1.8258805347295504
2520    0.7800566953728433 1.0 1.185667157875854 1.3554769217226526 1.5162483330094858 1.8228279105206313
2530    0.7806310074788111 1.0 1.1850888920886344 1.354309322178332 1.5144775557764805 1.819804228909967
2540    0.78120123232708 1.0 1.184515430587041 1.3531518459500693 1.512722655801389 1.8168090860971577
2550    0.7817674122885282 1.0 1.183946714471292 1.3520043634886787 1.5109834230958779 1.8138420856381217
2560    0.7823295891664673 1.0 1.183382685787087 1.3508667474156455 1.5092596513054517 1.810902838280514
2570    0.7828878042059074 1.0 1.1828232875068927 1.349738872478314 1.5075511376320572 1.807990961803496
2580    0.7834420981026378 1.0 1.1822684635116771 1.3486206155061806 1.505857682758642 1.8051060808617279
2590    0.7839925110121391 1.0 1.1817181585730712 1.347511855368257 1.504179090775622 1.8022478268334665
2600    0.7845390825583196 1.0 1.1811723183359422 1.3464124729314604 1.502515169109179 1.799415837672624
2610    0.7850818518420893 1.0 1.1806308893013795 1.3453223510200232 1.5008657284513562 1.7966097577646862
2620    0.7856208574497675 1.0 1.1800938188100691 1.344241374375876 1.49923058269189 1.7938292377863654
2630    0.7861561374613317 1.0 1.1795610550260551 1.3431694296199845 1.4976095488517274 1.7910739345688804
2640    0.7866877294585126 1.0 1.179032546920875 1.3421064052146134 1.4960024470181863 1.7883435109647485
2650    0.7872156705327323 1.0 1.1785082442580543 1.3410521914264872 1.494409100281705 1.7856376357179917
2660    0.7877399972928986 1.0 1.1779880975779617 1.3400066802908326 1.4928293346741441 1.7829559833376585
2670    0.7882607458730472 1.0 1.1774720581830034 1.3389697655762638 1.4912629791085874 1.7802982339745537
2680    0.7887779519398463 1.0 1.1769600781231537 1.3379413427505018 1.4897098653206051 1.7776640733010902
2690    0.7892916506999592 1.0 1.1764521101818164 1.3369213089468992 1.488169827810943 1.7750531923941728
2700    0.789801876907269 1.0 1.1759481078619973 1.3359095629317426 1.4866427037895817 1.7724652876210178
2710    0.7903086648699726 1.0 1.1754480253727948 1.3349060050723247 1.4851283331211507 1.7699000605278306
2720    0.7908120484575398 1.0 1.174951817616181 1.3339105373057498 1.4836265582716341 1.7673572177312529
2730    0.7913120611075479 1.0 1.174459440174091 1.3329230631084688 1.482137224256356 1.7648364708125108
2740    0.7918087358323892 1.0 1.173970849295785 1.331943487466512 1.480660178589195 1.7623375362141702
2750    0.7923021052258548 1.0 1.1734860018854971 1.3309717168464033 1.4791952712329977 1.7598601351394376
2760    0.7927922014696004 1.0 1.1730048554903543 1.330007659166747 1.4777423545511623 1.757403993453933
2770    0.7932790563394931 1.0 1.1725273682885595 1.3290512237704541 1.4763012832603561 1.7549688415898577
2780    0.7937627012118431 1.0 1.172053499077834 1.3281023213976069 1.474871914384338 1.7525544144524958
2790    0.7942431670695228 1.0 1.171583207264107 1.3271608641589279 1.473454107208854 1.7501604513289808
2800    0.7947204845079757 1.0 1.1711164528504603 1.326226765509859 1.4720477232375837 1.747786695799269
2810    0.7951946837411173 1.0 1.1706531964262998 1.325299940225212 1.4706526261490964 1.7454328956492489
2820    0.7956657946071294 1.0 1.170193399156769 1.3243803043743914 1.4692686817548082 1.7430988027859373
2830    0.7961338465741526 1.0 1.1697370227723862 1.3234677752971697 1.4678957579578926 1.7407841731546987
2840    0.796598868745874 1.0 1.1692840295589033 1.3225622715800003 1.4665337247131378 1.7384887666584283
2850    0.7970608898670188 1.0 1.1688343823473821 1.321663713032853 1.4651824539877139 1.7362123470786608
2860    0.7975199383287433 1.0 1.1683880445044783 1.3207720206665636 1.463841819722831 1.7339546819985299
2870    0.7979760421739318 1.0 1.1679449799229378 1.3198871166706803 1.4625116977962644 1.7317155427275472
2880    0.7984292291024009 1.0 1.1675051530122817 1.3190089243917902 1.4611919659857209 1.729494704228137
2890    0.7988795264760122 1.0 1.1670685286897022 1.3181373683123296 1.4598825039330332 1.7272919450438946
2900    0.799326961323695 1.0 1.1666350723711358 1.3172723740298435 1.4585831931091449 1.7251070472295051
2910    0.7997715603463811 1.0 1.1662047499625285 1.3164138682367033 1.4572939167798848 1.7229397962822885
2920    0.8002133499218539 1.0 1.1657775278512859 1.3155617787002563 1.4560145599724978 1.720789981075327
2930    0.8006523561095131 1.0 1.1653533728978924 1.3147160342434068 1.4547450094429109 1.7186573937921288
2940    0.8010886046550574 1.0 1.1649322524277128 1.3138765647256117 1.4534851536437305 1.7165418298627897
2950    0.8015221209950827 1.0 1.164514134222955 1.3130433010242808 1.4522348826929328 1.7144430879016108
2960    0.8019529302616063 1.0 1.1640989865148017 1.3122161750165766 1.450994088343246 1.7123609696461402
2970    0.8023810572865099 1.0 1.163686777975702 1.311395119561597 1.4497626639521959 1.7102952798975901
2980    0.8028065266059059 1.0 1.163277477711821 1.3105800684829374 1.4485405044528064 1.7082458264626073
2990    0.8032293624644313 1.0 1.1628710552556412 1.3097709565516191 1.447327506324931 1.7062124200963467
3000    0.8036495888194666 1.0 1.162467480558715 1.3089677194693763 1.4461235675672026 1.7041948744468276
